'TEST0001'
      10
    1000
     164        13
     158        13
     139        17
     135        17
     125        11
     114         4
     108         5
      74         6
      64        10
      12         4
'TEST0002'
      10
    1000
     184         4
     142        18
     106         7
      99        14
      91        16
      90        11
      82        10
      65         6
      59         3
      43        11
'TEST0003'
       9
    1000
     198         9
     188        13
     159         3
     123         4
     101         8
      49         4
      46        21
      34        22
      30        16
'TEST0004'
      10
    1000
     198         8
     185        20
     177        10
     170         3
     142         6
     102         2
      79         6
      38        18
      20         9
      13        18
'TEST0005'
      10
    1000
     196        15
     185        12
     165        14
     158         7
     137        10
     132        13
     100        10
      69        14
      64         1
      16         4
'TEST0006'
      10
    1000
     200        24
     195         2
     183        21
     178         3
     143        24
     142         1
     121        14
     108         6
      83         3
      15         2
'TEST0007'
       9
    1000
     197        15
     144         5
     122        18
     110        14
      93         7
      82        14
      43         4
      41        20
      29         3
'TEST0008'
      10
    1000
     192         6
     160         9
     151         6
     145         7
     139        12
      89        16
      87        14
      28        13
      26        11
      25         6
'TEST0009'
       9
    1000
     188         9
     120        15
      93        12
      65        18
      63         8
      47         9
      46         6
      41         9
      10        14
'TEST0010'
      10
    1000
     191        17
     179        22
     154         5
     153         5
     115         4
      84        18
      83         1
      49        17
      30         1
      16        10
'TEST0011'
      10
    1000
     181        16
     168        14
     159         7
     129         2
     119         5
      92        16
      80        10
      57        13
      48        16
      29         1
'TEST0012'
      10
    1000
     200         9
     191        11
     184        10
     175         9
     167        16
     156        13
     152        12
     117         6
      77         9
      11         5
'TEST0013'
      10
    1000
     165         4
     156        16
     147         1
      97         6
      64         9
      59        20
      55        19
      46         1
      33         6
      10        18
'TEST0014'
      10
    1000
     198        16
     165        11
     131        10
     122        21
     111         5
      94        10
      91         2
      90         1
      79        10
      69        14
'TEST0015'
      10
    1000
     181        10
     157         7
     143        13
     133        11
     119        11
     117         9
     111         7
     104         9
      89        12
      27        11
'TEST0016'
      10
    1000
     171        13
     134         2
     132        11
     113        10
      99         8
      79        17
      68         5
      42         9
      21        17
      14         8
'TEST0017'
      10
    1000
     186         3
     172         6
     145        17
     134         1
     127        24
     116         9
      73        23
      32         1
      31         7
      21         9
'TEST0018'
      10
    1000
     171         4
     169        18
     160         6
     140        15
     130         2
     112        21
      89         4
      50        14
      46         4
      30        12
'TEST0019'
      10
    1000
     200        16
     198        14
     179         5
     164         1
     157        10
     129        12
     105         7
      77        12
      45         6
      29        17
'TEST0020'
       9
    1000
     102         6
      87        19
      77         5
      76        14
      73         1
      48        19
      45        24
      44         3
      32         9
'TEST0021'
      10
    1000
     195        14
     193        21
     181        17
     122         2
     101         1
      83         5
      52        18
      39        13
      27         4
      26         5
'TEST0022'
      10
    1000
     182         5
     173         7
     151        12
     147        17
     120        11
      79         6
      67         5
      42        11
      29        17
      26         9
'TEST0023'
      10
    1000
     193        14
     179         3
     176        10
     122         8
     118        17
     111         4
     102        16
      90        12
      70        13
      63         3
'TEST0024'
       9
    1000
     199        14
     175        14
     144         3
     138        19
     135         3
     113         5
      94        26
      51         8
      12         8
'TEST0025'
      10
    1000
     172        17
     164         1
     127        14
     111         4
     110        19
      97        10
      59        14
      52         1
      40        15
      27         5
'TEST0026'
      10
    1000
     199         3
     197        15
     174        11
     152         9
     144        14
     116        19
     109        13
      58        10
      30         4
      12         2
'TEST0027'
      10
    1000
     186         7
     139        12
     127        13
     104        13
      71        15
      59         6
      54         4
      45        16
      36         9
      26         5
'TEST0028'
      10
    1000
     189         3
     184         6
     165        12
     151        14
     112         9
     103        16
      68        12
      55         6
      29        15
      27         7
'TEST0029'
       9
    1000
     186         1
     161        15
     146        13
     138         6
     129        22
     100         6
      68        16
      53        13
      29         8
'TEST0030'
      10
    1000
     188         4
     168        16
     132         3
     110         5
      88        13
      84        12
      80        10
      64        16
      62         7
      42        14
'TEST0031'
       9
    1000
     181         4
     148        13
     145        25
     123        17
     110         9
     103         2
      96        16
      88        11
      27         3
'TEST0032'
      10
    1000
     171        11
     168        12
     129        10
     127        11
      86        11
      80         1
      63        14
      49        12
      44         5
      26        13
'TEST0033'
       9
    1000
     185        13
     168        15
     166        15
     101         3
      86         6
      75         8
      55         7
      50        21
      43        12
'TEST0034'
      10
    1000
     192        15
     187        20
     165        20
     149        11
     146        13
     137        11
     120         2
      98         2
      44         2
      10         4
'TEST0035'
      10
    1000
     192        13
     182        17
     166         7
     137         5
     116        17
     110        13
      96        18
      73         2
      69         5
      25         3
'TEST0036'
      10
    1000
     196        13
     186        14
     164         5
     150        13
     112        12
     110        10
      74         9
      63         5
      56        11
      33         8
'TEST0037'
      10
    1000
     180         4
     164        12
     158         8
     141        10
     131        10
     130        15
      94        17
      91         7
      77        10
      51         7
'TEST0038'
      10
    1000
     197        17
     180         7
     136         2
     133        11
     106         5
      91         4
      74        17
      68         5
      40        13
      32        19
'TEST0039'
      10
    1000
     198        13
     178        14
     168        10
     153        11
     143         4
     111        13
      79         1
      76        11
      35         9
      26        14
'TEST0040'
      10
    1000
     188        13
     147        15
     140        15
     125        15
      92         8
      85         1
      48         8
      30         9
      29         7
      14         9
'TEST0041'
      10
    1000
     185        12
     157         5
     150        17
     146         6
      66         3
      48        21
      45        17
      29        11
      24         1
      11         7
'TEST0042'
       8
    1000
     194         3
     171        16
     125        16
      74        13
      63         1
      51        11
      41        17
      27        23
'TEST0043'
       9
    1000
     186        17
     183        11
     155         5
     152        17
     126        10
     122         5
      89        15
      69        14
      44         6
'TEST0044'
      10
    1000
     183        17
     113        17
     108         3
      94         8
      84         4
      81        16
      40        16
      32        15
      27         3
      23         1
'TEST0045'
      10
    1000
     190         1
     168         8
     140         5
     136        20
      98         8
      81         3
      80        28
      74         8
      36        14
      22         5
'TEST0046'
      10
    1000
     186         3
     179         3
     145        14
     136        22
     126        19
     125        16
     107         6
      90         7
      67         1
      13         9
'TEST0047'
       9
    1000
     199        22
     191         2
     164        24
     120         1
      98        10
      81         5
      75        11
      43        19
      29         6
'TEST0048'
       9
    1000
     194        23
     183         9
     140        24
     127         6
     118         4
      72        18
      68         1
      67         7
      21         8
'TEST0049'
      10
    1000
     154        15
     147         1
     129        22
     111         6
      89         9
      59         3
      54         9
      46        19
      42        12
      25         4
'TEST0050'
      10
    1000
     193         9
     185        13
     162         5
     157        15
     138         4
     113        12
      91         5
      69         4
      40        14
      26        19
'TEST0051'
      10
    1000
     196         8
     189         6
     175        18
     152         8
      98        17
      69        12
      49         2
      47         2
      44        18
      34         9
'TEST0052'
      10
    1000
     178        11
     139        14
     116         1
      99         2
      95        16
      86        14
      75        15
      69        13
      56         9
      16         5
'TEST0053'
      10
    1000
     163         9
     116         2
     115         4
      86        11
      57        22
      35         6
      28        11
      24         8
      20        20
      17         7
'TEST0054'
       9
    1000
     170        16
     161         3
     153        20
     143         7
     142        17
      79         5
      69         8
      68         8
      26        16
'TEST0055'
      10
    1000
     196        11
     168         5
     156         1
     149        17
     132         3
     103        18
      96         6
      79        16
      55        21
      27         2
'TEST0056'
      10
    1000
     187        12
     182         4
     174        11
     170        13
     152        14
     150         4
     116        16
     101         1
      50         8
      17        17
'TEST0057'
      10
    1000
     200         6
     195        13
     163         6
     114        15
     113        13
     106        13
     102         3
      91        10
      54        11
      49        10
'TEST0058'
      10
    1000
     164        14
     144         3
     123         8
     116        11
     113        19
     111        12
      98         5
      72         1
      57        20
      53         7
'TEST0059'
      10
    1000
     149        18
     147        22
     130         4
     126         6
     108        13
      86        14
      74         3
      51        10
      36         8
      34         2
'TEST0060'
      10
    1000
     190        17
     160        16
     145         3
     114         7
     100         4
      89        13
      68         8
      39        14
      25        15
      24         3
'TEST0061'
      10
    1000
     164        17
     161        12
     150        11
     126         2
     110         1
     107         3
     101        18
      99         1
      35        14
      16        21
'TEST0062'
       9
    1000
     189        17
     185         5
     175        11
     160         5
     152        30
      88        12
      40        15
      36         3
      23         2
'TEST0063'
       9
    1000
     190        13
     178         1
     162         1
     135        11
     125        15
     109        16
      67        14
      64        12
      26        17
'TEST0064'
      10
    1000
     152        23
     147         3
     143         5
     141         5
     129        28
     127         6
     126         8
     115         5
      74        13
      30         4
'TEST0065'
      10
    1000
     163        13
     105         2
      93         8
      90        11
      71        17
      58        16
      51        18
      36         9
      26         1
      17         5
'TEST0066'
      10
    1000
     188        17
     179         3
     161        14
     143         8
     106         7
      99        14
      54        15
      43         7
      23        15
      13         1
'TEST0067'
      10
    1000
     184         3
     161        18
      98        16
      93         8
      91         7
      84         5
      82         6
      73         3
      53        20
      31        14
'TEST0068'
      10
    1000
     164        14
     119        18
     114         4
      70        15
      61        15
      53         3
      42         9
      38         7
      31        14
      26         1
'TEST0069'
      10
    1000
     191         5
     167         3
     149        19
     142        14
     121         9
     119        17
     111         5
     107        16
      66         3
      51         9
'TEST0070'
      10
    1000
     176        12
     167        11
     144        10
     119        15
     113        11
      95        19
      83         2
      81         7
      80         6
      68         7
'TEST0071'
      10
    1000
     169         9
     156         7
     151        14
     142        11
     112         1
      52        16
      27        16
      25         6
      23         9
      22        11
'TEST0072'
       9
    1000
     185        13
     176        11
     174        13
     173         4
     148        14
     115        18
     112        12
      54        13
      35         2
'TEST0073'
       8
    1000
     181        30
     169         3
     120        18
     108        11
     107        12
      83        10
      51        13
      15         3
'TEST0074'
      10
    1000
     195         1
     178         5
     172        10
     130         2
     118        10
     117        18
     110         8
      87        11
      78        24
      62        11
'TEST0075'
      10
    1000
     198         9
     192        10
     176         3
     167        14
     166        15
     146        10
     136         3
     128         9
     118        11
     113        16
'TEST0076'
       9
    1000
     182         5
     179        24
     154        20
     139         7
     110         1
      83        23
      80         1
      36        12
      11         7
'TEST0077'
      10
    1000
     171        20
     166        11
     116         7
     109        14
      94         9
      66        13
      45        11
      37         4
      35         7
      22         4
'TEST0078'
      10
    1000
     200         4
     184        11
     177        14
     169         1
     168        13
     132        10
     122        16
     120         6
     104        13
      32        12
'TEST0079'
      10
    1000
     190        13
     169        14
     142         9
     140         8
     121        13
     106        11
      79         9
      77         2
      65        14
      30         7
'TEST0080'
      10
    1000
     171         4
     168        11
     136        11
     130         8
     116        13
     115         6
     114         2
      77         9
      68        16
      17        20
'TEST0081'
       9
    1000
     175        17
     174        35
     148         6
     119         4
      94         2
      70         3
      55         6
      52        12
      38        15
'TEST0082'
      10
    1000
     198         8
     171         9
     165        15
     150         3
     121         6
      80         3
      76        16
      75        20
      27        16
      21         4
'TEST0083'
       9
    1000
     131        11
      97         9
      87        10
      86         6
      67        14
      47         7
      44        24
      32         7
      26        12
'TEST0084'
      10
    1000
     198        11
     168        18
     150        20
     129         4
     116        10
      94        10
      65         4
      61         6
      51         2
      31        15
'TEST0085'
      10
    1000
     191         8
     190         8
     169        11
     158        14
     137         9
     133        11
     115         1
      46        12
      35        16
      33        10
'TEST0086'
       9
    1000
     200        11
     175        17
     167         8
     165         6
     118         8
      82         9
      80        11
      37        14
      34        16
'TEST0087'
      10
    1000
     178        11
     176         8
     172        18
     161        12
     158        11
     140         3
     132         6
     115         7
      62        18
      10         6
'TEST0088'
      10
    1000
     193        10
     188        14
     183        15
     151        12
     130         6
      66         7
      52        11
      29        15
      25         1
      13         9
'TEST0089'
      10
    1000
     197         8
     167        15
     158        17
     151         5
     136         4
     112        19
      85         1
      69        12
      55         8
      17        11
'TEST0090'
       9
    1000
     183         4
     179        10
     166         7
     161        14
     111         1
      95        14
      86         3
      79         1
      63        46
'TEST0091'
      10
    1000
     196        19
     181        11
     170        10
     162        12
      98         4
      73        16
      29         6
      17        14
      15         8
      14         1
'TEST0092'
      10
    1000
     151         5
     136        12
     123        15
     108         5
      79        16
      78        16
      58         6
      48        11
      39         1
      33        13
'TEST0093'
      10
    1000
     191         3
     155         6
     154         8
     150         2
     141         2
      70        10
      64        23
      62        20
      45        10
      18        16
'TEST0094'
      10
    1000
     199         4
     188        22
     177         4
     165        15
     147        20
     145         5
     126         1
     119        21
     109         5
      88         3
'TEST0095'
      10
    1000
     196         4
     188        15
     173        21
     155        15
     145        18
     120         6
      82         5
      66        10
      28         3
      16         3
'TEST0096'
      10
    1000
     197        11
     194         9
     163         5
     160        10
     145        14
     139         5
     111         2
     100        16
      43        15
      12        13
'TEST0097'
      10
    1000
     187         2
     180        16
     147        15
     140        16
     138         8
     132         9
     121        14
      83        16
      47         5
      32         1
'TEST0098'
      10
    1000
     187        13
     176         8
     175        13
     170         8
     103         7
     100        10
      88         3
      55        16
      26        10
      25        12
'TEST0099'
      10
    1000
     172         3
     168         2
     137        19
     129        13
     118         8
      69        10
      56        10
      54         2
      38        12
      22        21
'TEST0100'
      10
    1000
     196        14
     195        19
     177        11
     170         5
     164         3
     141         5
     110         4
      89         1
      49        20
      29        18
