'TEST0001'
      18
    1000
     190       102
     188        93
     164        92
     158        64
     146        56
     144       153
     139        83
     135       200
     125       148
     114        39
     111       180
     108        73
      76       141
      74       164
      64       214
      61        62
      52        28
      12       108
'TEST0002'
      19
    1000
     198       171
     193         4
     188        94
     186        29
     159        71
     156       192
     124       134
     123       179
     101       164
      84        11
      81        80
      49       287
      46        30
      41        61
      34        20
      33        61
      32       169
      30        89
      12       154
'TEST0003'
      20
    1000
     199        72
     196         5
     195       131
     186       109
     185        97
     179       164
     165       186
     163       170
     158       129
     141       181
     139       185
     137        18
     132       157
     100        24
      99       177
      69         5
      66       108
      64        42
      16        25
      13        15
'TEST0004'
      19
    1000
     197       139
     172        17
     156       196
     144        85
     135       146
     125        17
     122       162
     110        84
     102       152
      93        20
      82       144
      70        63
      49        65
      44       120
      43       156
      41       136
      33       123
      29       110
      24        65
'TEST0005'
      19
    1000
     197       210
     188       196
     178         8
     161       168
     143        85
     126        45
     123        24
     122        86
     120       166
     102       123
      93       154
      90       194
      87        41
      65        82
      63       158
      47         6
      46       151
      41         5
      10        98
'TEST0006'
      19
    1000
     199       113
     197       125
     195       131
     181       151
     176        86
     168       198
     159         1
     131       139
     129       117
     119        87
      93       106
      92        96
      80        84
      69       151
      57       120
      48       117
      32        56
      29        87
      23        35
'TEST0007'
      20
    1000
     189       125
     180        95
     166       113
     165       210
     156        91
     153        78
     147        90
      97       173
      94       136
      68        67
      65       129
      64        86
      59        79
      55       174
      46        39
      45        78
      33        15
      22         6
      17        82
      10       134
'TEST0008'
      19
    1000
     190        73
     181        86
     170         6
     162        14
     161       128
     157       353
     151       152
     143       111
     137        40
     133       134
     129        21
     119       118
     117       106
     111        84
     108       180
     106        55
     104        96
      89       174
      27        69
'TEST0009'
      20
    1000
     188       114
     186        88
     183       167
     172       179
     145        45
     139       177
     134       133
     127       145
     116        40
      74        22
      73        40
      71       157
      60        54
      54       137
      35        18
      32       187
      31        37
      21       121
      20        36
      19       103
'TEST0010'
      19
    1000
     200        32
     198        50
     183        95
     179        55
     178        91
     164       132
     157       112
     156        97
     135       100
     129        78
     111       240
     105        64
      87       177
      77        18
      76       232
      67        82
      45       214
      29        34
      16        97
'TEST0011'
      19
    1000
     195       339
     193       120
     181       177
     171        62
     161       149
     132        35
     122        75
     121        21
     101        18
      83        50
      60        75
      53       125
      52       174
      45       110
      39        63
      30        51
      27       110
      26       172
      18        74
'TEST0012'
      20
    1000
     193        43
     179        86
     176       138
     145       131
     135       106
     122       194
     120       129
     118         3
     114        86
     111       169
     102       131
     100       130
      90        24
      87       174
      73        24
      70        44
      63       101
      43       138
      34        72
      31        77
'TEST0013'
      20
    1000
     200       106
     183       143
     172        51
     168       199
     164        21
     158       175
     155       151
     127       113
     111       201
     110         3
     108        28
      97       126
      72        93
      59        74
      56       115
      52       159
      40       108
      27        84
      11        37
      10        13
'TEST0014'
      20
    1000
     192        53
     186       128
     184        18
     165       158
     163        41
     149        85
     139       140
     127        16
     108        93
     104       163
      96        30
      83        66
      71       136
      59       151
      57        99
      54       172
      49       134
      45        72
      36       169
      26        76
'TEST0015'
      19
    1000
     188       125
     186        76
     174       161
     161       103
     156        33
     152        53
     150       182
     146        80
     138        55
     129       115
     110       174
     100        35
      93        50
      76       139
      74       130
      68       102
      53       173
      29        69
      17       145
'TEST0016'
      19
    1000
     198        37
     181       110
     176        66
     166        50
     148        72
     145       164
     140       112
     123       151
     119        32
     110       136
     103       150
      98       117
      96       132
      88       130
      66         3
      45       171
      44       147
      27        61
      26       159
'TEST0017'
      19
    1000
     185       132
     182         1
     180       171
     168       135
     166        85
     151       150
     139       176
     126       123
     124        34
     104       106
     101       131
      92       181
      86       175
      82        95
      75       115
      55        96
      50        41
      43        20
      41        33
'TEST0018'
      19
    1000
     192       130
     186       148
     182        45
     176       118
     174        39
     166       156
     141        84
     137       140
     116        20
     110       148
      96       159
      81        58
      73       145
      69       130
      63       115
      62       102
      44        56
      28       121
      25        86
'TEST0019'
      18
    1000
     180        71
     177       229
     164       208
     162        99
     158       154
     141        37
     131       268
     130        78
     110        28
     109       140
     106        60
      94       101
      91        43
      85        34
      80       139
      77        38
      51       105
      46       168
'TEST0020'
      19
    1000
     200        83
     198        39
     187        19
     178       117
     177        76
     172       179
     168        21
     153       143
     149       131
     143       155
     136       178
     121       182
     111       178
      79        90
      76         5
      60        91
      35       109
      26        86
      15       118
'TEST0021'
      19
    1000
     193       223
     185       195
     161       178
     157        21
     150        21
     146        64
     116        78
     110       196
      67        50
      66        26
      64        24
      56       139
      48       155
      45       128
      36         5
      29       107
      24       163
      19       218
      11         9
'TEST0022'
      18
    1000
     187        16
     186        19
     183        95
     170       110
     160        81
     156        35
     155        25
     152       278
     129       116
     126       203
     122       208
     120        40
      89        94
      70        44
      69       194
      61       370
      44        34
      43        38
'TEST0023'
      19
    1000
     190       132
     186       121
     168         3
     140       184
     139        60
     136       142
      98       221
      81        84
      80       176
      74        28
      63        27
      62       123
      58       192
      47       168
      40       136
      36        50
      31        59
      22         7
      10        87
'TEST0024'
      19
    1000
     200       160
     199       241
     191       134
     164        14
     160        77
     129        71
     120       212
     101       144
      98        71
      86       203
      81        79
      75       209
      67        56
      59        32
      52       155
      43         7
      29        65
      27        31
      16        39
'TEST0025'
      19
    1000
     185       171
     165        96
     154        55
     147       163
     132        29
     129        15
     111        76
     108       120
      89       141
      81       229
      61       130
      59        52
      54       152
      47        37
      46       124
      42        54
      36        36
      25       144
      11       176
'TEST0026'
      20
    1000
     196        50
     189        70
     175       138
     155         7
     152        91
     150       179
     142        82
     109       114
      98        96
      80        63
      74       120
      72       159
      69        10
      60        22
      49       180
      47       153
      44       165
      34       146
      25       102
      24        53
'TEST0027'
      20
    1000
     196        90
     181        77
     163        76
     116       172
     115       207
     108        22
     102       185
      88        21
      86       172
      78       196
      76       125
      58        23
      57       158
      42        51
      35       135
      29        37
      28        60
      24        65
      20        56
      17        72
'TEST0028'
      20
    1000
     196        92
     173        35
     168         7
     156       122
     149       120
     144       148
     138       141
     133       152
     132        78
     103       138
      96       116
      91        35
      79       109
      57       125
      55       140
      49        41
      29       157
      27        11
      25        74
      19       159
'TEST0029'
      19
    1000
     200       122
     195        72
     163       154
     127       116
     114       177
     113       130
     112       101
     111        55
     110        50
     106       118
     102       128
      95        25
      91        71
      85        96
      80       173
      57       152
      54         2
      49       181
      36        77
'TEST0030'
      19
    1000
     149        17
     147       165
     142        32
     130        64
     126        88
     114       115
     108       100
      94        16
      86       347
      74       179
      72       165
      55        35
      51        73
      43        44
      36       133
      35        82
      34       151
      26       161
      25        33
'TEST0031'
      18
    1000
     177       128
     164        27
     161        24
     150       162
     149        13
     139        71
     126       136
     119       158
     110       128
     107       149
     102       169
     101        48
      99       106
      95        46
      35       299
      26       118
      16       174
      10        44
'TEST0032'
      17
    1000
     192       131
     190       177
     179        80
     178       163
     162       148
     158       144
     143        25
     139       166
     135       171
     129       146
     125       167
     110        35
     109        33
      67       185
      64        89
      26        32
      12       108
'TEST0033'
      20
    1000
     178       133
     167        33
     163       168
     159        95
     135       150
     114       176
     105         3
      98        89
      93        44
      90        13
      86       189
      71        36
      58       148
      51        88
      45        74
      36       152
      26       163
      25        74
      21       165
      17         7
'TEST0034'
      20
    1000
     187       193
     184        36
     167       130
     161       137
     148        64
     140        75
      98        26
      93        40
      91        55
      84        21
      82       168
      76       219
      73        45
      70       181
      60       187
      53        35
      50       111
      39        87
      33       168
      31        22
'TEST0035'
      18
    1000
     191       105
     169        86
     167        74
     149       239
     145        59
     142       158
     125       110
     121        72
     119       136
     111       117
     107       105
      87        94
      74       142
      66       103
      53       186
      51        80
      33        58
      32        76
'TEST0036'
      18
    1000
     192       138
     170       161
     169        94
     156       150
     151       151
     142       152
     130        23
     127       127
     117       127
     112       214
      94       116
      76        32
      52        55
      27        71
      26       156
      25       106
      23       118
      22         9
'TEST0037'
      17
    1000
     194       125
     191       175
     181       354
     169        54
     139       105
     130       193
     124        80
     120       112
     109         1
     108       125
     107        15
      83        76
      51       140
      43        62
      39        88
      32       192
      15       103
'TEST0038'
      17
    1000
     198       186
     192        87
     191       120
     178       173
     176        84
     167       202
     166       206
     149         2
     146        32
     137        45
     136       400
     128        68
     125         3
     118       211
     113        63
      45        47
      40        71
'TEST0039'
      19
    1000
     172       154
     171       147
     166        20
     124        98
     117       108
     116       141
     109        84
     103        99
      97       168
      94       140
      85        35
      69       217
      66         5
      46       109
      45        81
      40       138
      37        54
      35       113
      22        89
'TEST0040'
      20
    1000
     190       125
     169       131
     167         7
     157        61
     155       109
     150       108
     142       111
     140       164
     128       167
     121        70
     112        43
     108       108
     106       101
     102        75
      79       124
      77        55
      69        15
      65        84
      35       153
      30       189
'TEST0041'
      19
    1000
     176        78
     175        72
     174       142
     148       172
     119       179
     117       156
     104        12
      94       208
      86        73
      70        75
      58        82
      55       139
      52        27
      49        50
      47        25
      38       142
      34       181
      28       147
      19        40
'TEST0042'
      18
    1000
     195       157
     180        47
     175       177
     174        94
     155        24
     142       211
     131       182
     109       133
     107        58
      98       104
      97       165
      87       187
      86        41
      67        88
      47        90
      44        90
      32        15
      26       137
'TEST0043'
      19
    1000
     191       146
     190       145
     182        23
     169       177
     165        25
     158        68
     143       154
     138        68
     137        66
     133       101
     130       284
     115        81
     111        58
      95        86
      94        87
      46         9
      35       111
      33       143
      19       168
'TEST0044'
      20
    1000
     198        18
     191       169
     178       165
     176       134
     172         3
     161        53
     158       115
     140        40
     132       174
     129        15
     124       109
     121       161
     115       161
      89       135
      83        64
      75        77
      64       121
      62       172
      43        10
      10       104
'TEST0045'
      19
    1000
     197       107
     187        97
     171       143
     167       219
     158       121
     151       451
     136       243
     134        75
     121        76
     112        21
      89        49
      85        35
      84        64
      69         3
      55        65
      53        15
      43         4
      17        23
      10       189
'TEST0046'
      20
    1000
     196        56
     189       164
     181        34
     170        27
     163       146
     162        81
     146        80
     121       114
     113        45
     103       132
      98        60
      87       136
      73       172
      66        51
      52       185
      29       183
      17        69
      15       122
      14         2
      10       141
'TEST0047'
      18
    1000
     192       126
     191       101
     168        91
     155       142
     154       153
     150       124
     141       179
      93       338
      72        27
      70       165
      64        30
      62       110
      57       150
      45        38
      33         3
      29       154
      28        40
      18        29
'TEST0048'
      20
    1000
     196        80
     188       162
     173       132
     165       165
     155         2
     145       119
     141        30
     124       135
     120        89
     119       114
      86       105
      82        86
      66        48
      56       101
      50       133
      42        48
      31        15
      30       157
      28       147
      16       132
'TEST0049'
      17
    1000
     187        92
     182       161
     180        59
     175       156
     166       172
     147       162
     140        91
     138        88
     132       131
     121        84
     105       130
      92        82
      83        74
      64        98
      47        28
      32       265
      12       127
'TEST0050'
      20
    1000
     172        20
     168       162
     161       187
     149       187
     137        39
     129       169
     118       101
     105       132
     102       156
      84        80
      81       111
      73       143
      69        85
      56        36
      54        23
      38        39
      34        32
      28         1
      26       155
      22       142
'TEST0051'
      19
    1000
     188       117
     187       139
     186       129
     171        98
     170        98
     168       118
     151       140
     144       106
     135        88
     129       112
     117        96
     110        50
     103       115
      98       115
      78       140
      42        16
      29       146
      22       125
      18        52
'TEST0052'
      19
    1000
     190        17
     179        27
     168        57
     146       153
     140         1
     132       146
     124       189
      96       107
      91        48
      88       118
      86       116
      82       174
      78       121
      63       146
      60       142
      41       122
      35        17
      27       180
      21       119
'TEST0053'
      18
    1000
     158       165
     126       107
     120       139
     118        37
     116        64
     115       144
     114       118
     105        30
      97        25
      94       154
      86        31
      85       162
      79       114
      61       334
      51        82
      31       170
      30        60
      22        64
'TEST0054'
      19
    1000
     197         3
     194       132
     188       169
     179        83
     171        76
     154       104
     141       127
     135        57
     134       101
     128        88
     108        28
     102       149
      77       120
      73       141
      70       140
      32        32
      29       156
      28       157
      20       137
'TEST0055'
      19
    1000
     198        42
     186        27
     180        70
     154        88
     148        67
     132        84
     128        22
     120        51
     119        27
     111       166
      85        55
      79       126
      77       202
      75        51
      65       192
      63       182
      59       188
      55       240
      46       120
'TEST0056'
      19
    1000
     198        54
     187        75
     179        78
     135        52
     132        36
     127        10
     112       154
     111       102
     107       149
      98       164
      76       174
      65        15
      62        28
      45       145
      41       171
      26       228
      23       163
      21       158
      13        44
'TEST0057'
      19
    1000
     185       174
     178        83
     177       178
     170        82
     142         1
     141        71
     139        69
     135       117
     121       117
     108       119
     104       150
      70        67
      59       102
      49        67
      46        77
      33       120
      23       174
      20       116
      12       116
'TEST0058'
      19
    1000
     200       265
     196         2
     155       149
     140        74
     136        14
     128        33
     125       106
     123       148
     119        40
     111        58
     109       151
     103       116
      92       195
      87       212
      79       177
      77        54
      75        32
      57       114
      24        60
'TEST0059'
      18
    1000
     194        21
     177        77
     175        70
     156        19
     149       146
     142        84
     138       127
     136        30
     117       158
     104       198
     103       175
     102       159
      90       222
      86        37
      63       182
      25        78
      20        81
      11       136
'TEST0060'
      19
    1000
     196       114
     172        42
     169         5
     168       158
     152       159
     128       131
     114       134
     111       125
     105        95
     101       124
      94        60
      93        98
      56       157
      55       243
      52       141
      41        28
      34        52
      16        76
      10        58
'TEST0061'
      18
    1000
     182        97
     145       174
     139       105
     126        37
     121       188
     113       133
     101        21
      95        46
      77       166
      69       165
      65       198
      56       115
      53        87
      52       172
      51        64
      45        50
      18       173
      17         9
'TEST0062'
      19
    1000
     199        42
     194       173
     187       175
     182        20
     166       161
     159        85
     152       105
     137       126
     135         1
     103        75
      90        18
      76       158
      71       148
      61        69
      54       187
      49       181
      43        48
      35       112
      17       116
'TEST0063'
      20
    1000
     191       111
     183        65
     178       113
     151       179
     145       143
     144       136
     133       137
     125        88
     123        98
     114       201
     112        15
     110       195
     102       136
      91       142
      89         1
      79        15
      75         2
      46        30
      31       162
      14        31
'TEST0064'
      20
    1000
     182       164
     178        41
     177       121
     168       103
     146        26
     136       116
     134        14
     132       119
     131         6
     126        71
     116       161
     113       128
     109       140
      86       166
      84       159
      47       171
      44       177
      35        19
      30        80
      12        18
'TEST0065'
      18
    1000
     198       176
     190        63
     189        21
     188        16
     174       209
     170       134
     165       303
     159       277
     153        72
     122       204
     102       139
      94        50
      70        11
      60         7
      48       186
      39         4
      32        15
      23       113
'TEST0066'
      18
    1000
     184       174
     178         2
     170       190
     163        23
     158       168
     154       364
     144        99
     128        84
     123        38
     122       162
     117        93
     101       154
      98       110
      93        81
      69        47
      62       139
      20        59
      17        13
'TEST0067'
      18
    1000
     192       211
     181       112
     167        25
     161       200
     147        59
     118       177
     117        23
     114       176
     110       107
      94        23
      92       128
      85       149
      80        22
      69       121
      60         2
      53       233
      43        69
      36       163
'TEST0068'
      19
    1000
     197       142
     196       102
     191        95
     188        93
     183       182
     171         2
     162       125
     125        59
     122       163
     116        40
     113       125
     112        67
      98       178
      83       153
      58        40
      57       114
      43       112
      23       183
      16        25
'TEST0069'
      19
    1000
     194       155
     181        56
     168       140
     165        16
     159        16
     156       173
     144       160
     138       167
     137         8
     132        26
     123       166
     120        25
     108       117
      94       140
      66       126
      64        26
      37       197
      21       108
      11       178
'TEST0070'
      18
    1000
     182       117
     175       100
     174       115
     170        86
     168        47
     153        69
     149       174
     139       123
     134       121
     131       143
     128       165
      96        89
      83        45
      67       177
      63        30
      43        49
      39       165
      23       185
'TEST0071'
      19
    1000
     198       157
     191        59
     189       148
     181       188
     171        98
     162        42
     158        40
     135        82
     124       182
     110        65
      90         6
      77       103
      74        80
      57        42
      53        85
      52       289
      29        80
      23        93
      21       161
'TEST0072'
      20
    1000
     199       135
     198       146
     192       137
     166       124
     156       123
     138       166
     130        59
     129       185
     124       134
     107        64
     102        40
      90        71
      72       139
      69       128
      60        21
      40        25
      29        24
      22        57
      18       174
      13        48
'TEST0073'
      20
    1000
     192       182
     190        11
     185        95
     182       135
     170         5
     165        54
     144       187
     142        45
     135        94
     127        96
     126       175
     116       175
     101        21
      92       187
      83        97
      54        20
      46       125
      37        65
      22       193
      21        38
'TEST0074'
      19
    1000
     200       189
     181       153
     155         9
     150       183
     142        23
     137        65
     128        84
     125        23
     115       113
     111        88
     105       280
      98        75
      88       196
      78        17
      70        16
      36        44
      30       169
      28       106
      19       167
'TEST0075'
      19
    1000
     187       106
     186       149
     182       128
     177       126
     172       140
     159        45
     156       148
     141        77
     137       126
     136        31
     125       178
     114        38
     102        83
      89       105
      88       113
      79        91
      78       148
      38        66
      27       102
'TEST0076'
      18
    1000
     199        69
     192        90
     173        92
     155       169
     152       163
     149        12
     117        64
     112        63
     110       180
      93        15
      80       123
      79       151
      71        63
      63        27
      37       171
      34        84
      15       151
      14       313
'TEST0077'
      17
    1000
     158       140
     149       167
     147       141
     143       115
     135        51
     133       165
     130        40
     125       123
     118       384
     110       139
      95       135
      93        20
      77        86
      63        62
      49        69
      43       128
      11        35
'TEST0078'
      20
    1000
     191        87
     181       236
     180         6
     178       235
     173        86
     166       187
     159        13
     153       112
     131        49
     128        37
     115        33
     105        77
      99       120
      98       225
      88       115
      82       128
      56       103
      45        46
      39        28
      19        77
'TEST0079'
      20
    1000
     198       150
     197        75
     192       192
     186       164
     169        63
     145        53
     137        79
     120        22
     111       183
     107        35
      95       191
      92       132
      64       169
      56        47
      52        42
      44        74
      38       118
      25        79
      15       106
      11        26
'TEST0080'
      16
    1000
     200       333
     194       131
     189        25
     166        95
     146       147
     138       170
     122        21
     114        98
     103        77
      81       133
      79       116
      74       268
      71        89
      60        46
      41        84
      26       167
'TEST0081'
      20
    1000
     172        17
     161        33
     147       134
     141       133
     137        38
     125       176
     124       174
     122       125
     108        55
      98        88
      86       129
      83       117
      79       121
      61       173
      60       118
      56       102
      27       119
      16        50
      15        63
      10        35
'TEST0082'
      19
    1000
     170        12
     158        51
     155        37
     140       217
     132       219
     130       111
     128        52
     127        15
     111         3
     100       137
      96       135
      73        45
      70       183
      55       203
      47        48
      45        74
      39       202
      26       144
      17       112
'TEST0083'
      19
    1000
     197       144
     193        39
     184       211
     181       120
     177        74
     171        72
     169        46
     136       132
     117        60
     115        82
      85        16
      72        74
      59       141
      52       202
      41       182
      30       150
      25        14
      24       106
      23       135
'TEST0084'
      17
    1000
     182       153
     171       154
     158       109
     143       108
     131        83
     130       184
     125       134
     119       145
     106        79
      86        32
      72       157
      68       129
      59       109
      51        16
      33       109
      25       135
      14       164
'TEST0085'
      20
    1000
     193        16
     176        12
     158       160
     157        85
     120        63
     111        91
      99       123
      98       145
      95        67
      87       158
      82        57
      81       121
      68        53
      65        32
      56       164
      45        38
      36       153
      16       163
      15       135
      12       164
'TEST0086'
      20
    1000
     180        79
     171         3
     160       189
     159        29
     156        76
     149         9
     140       211
     139       111
     120       134
     101        67
      92        48
      83       198
      80        81
      73       213
      69       107
      66        56
      63       179
      52        47
      33        58
      22       105
'TEST0087'
      19
    1000
     196        82
     194        21
     193        62
     163       167
     161        51
     160       161
     157       169
     144       116
     138       200
      92        30
      86       107
      73       105
      63       173
      50         9
      45        67
      44       125
      38       160
      34        51
      10       144
'TEST0088'
      20
    1000
     188        37
     168        22
     165       129
     159       117
     153        35
     152       114
     145       141
     142       111
     133        14
     132        44
     126       174
     122        44
     109       124
     102        70
      95       152
      92        93
      65       157
      50        96
      42       165
      19       161
'TEST0089'
      19
    1000
     182       171
     175        69
     169        27
     161        88
     159        97
     149       182
     124       111
     121       127
     109       133
     104        92
     103       165
     100        19
      85       180
      72        34
      67        31
      65       238
      64        25
      62       134
      30        77
'TEST0090'
      20
    1000
     190       183
     185       132
     180        67
     179        86
     175       101
     163       146
     158       171
     146       160
     140        34
     132       123
     129        18
     120        17
     117        93
     102        41
      56       156
      42        23
      27       123
      26        34
      21       152
      16       140
'TEST0091'
      18
    1000
     180         2
     171        37
     170        71
     162       119
     151        54
     150        38
     143        27
     137       160
     105       142
      97       138
      91       113
      82       213
      67       152
      66       335
      40       212
      39        18
      37        77
      20        92
'TEST0092'
      20
    1000
     195        92
     174        45
     158        19
     150        87
     130       104
     126        57
     103       116
      89        57
      86        67
      84       187
      72        89
      63       169
      50        39
      44       180
      34        81
      32       119
      28       206
      22        51
      14       158
      10        77
'TEST0093'
      19
    1000
     197       141
     183       123
     175       172
     164       139
     142       151
     139        91
     135        21
     131       171
     130        63
     111       161
      75       102
      70        26
      48       148
      45        30
      36       211
      31        75
      26        17
      18        54
      16       104
'TEST0094'
      20
    1000
     200        56
     197        24
     188        82
     184       208
     179        60
     176       149
     173        46
     167       152
     149       122
     131        58
     123       127
      85         8
      75       179
      70        68
      69       189
      64        44
      57       157
      42        57
      20        28
      18       186
'TEST0095'
      19
    1000
     198       166
     196        67
     191       153
     178        41
     174       104
     162       129
     157       129
     153        10
     131        63
     130        75
     123       283
     117        48
     107       173
      51       179
      47       144
      44        19
      41        14
      28       167
      13        36
'TEST0096'
      20
    1000
     183        31
     177       186
     161       182
     159        40
     153        52
     150       276
     146       107
     144         9
     141       142
     133         3
     122         1
     121       112
     108       177
     104       170
     101        39
      85       204
      65        21
      35        46
      22       115
      21        87
'TEST0097'
      17
    1000
     200        15
     184        12
     167        23
     162        97
     129        46
     119       175
     103       140
      95       166
      91        97
      77        89
      73       205
      71       321
      61        31
      53       122
      45       202
      27       173
      26        86
'TEST0098'
      20
    1000
     197       129
     191        63
     178        76
     176       162
     173       121
     172       103
     170        76
     163       145
     158        13
     143       111
     142        87
     136       155
     100        14
      97       155
      94       131
      86       158
      52       128
      29        43
      21        56
      15        74
'TEST0099'
      20
    1000
     200        22
     196       157
     194        73
     182       117
     178       113
     163        25
     115       133
     108       129
      84        93
      76        56
      75        50
      72        94
      67        60
      63       169
      55        73
      33       152
      30       154
      28       113
      25       122
      21        95
'TEST0100'
      17
    1000
     195       298
     189         7
     183        39
     178       100
     172        50
     170        72
     163        88
     156       113
     151       147
     147       102
     140       198
     109       210
     108       128
      97       212
      77        42
      66         5
      42       189
