'TEST0001'
      18
    1000
     190        10
     188         9
     164         9
     158         6
     146         6
     144        15
     139         8
     135        20
     125        15
     114         4
     111        18
     108         7
      76        14
      74        16
      64        22
      61         6
      52         3
      12        12
'TEST0002'
      19
    1000
     198        17
     193         1
     188         9
     186         3
     159         7
     156        19
     124        13
     123        18
     101        16
      84         1
      81         8
      49        29
      46         3
      41         6
      34         2
      33         6
      32        17
      30         9
      12        16
'TEST0003'
      20
    1000
     199         7
     196         1
     195        13
     186        11
     185        10
     179        16
     165        19
     163        17
     158        13
     141        18
     139        18
     137         2
     132        16
     100         2
      99        18
      69         1
      66        11
      64         4
      16         2
      13         1
'TEST0004'
      19
    1000
     197        14
     172         2
     156        20
     144         8
     135        15
     125         2
     122        16
     110         8
     102        15
      93         2
      82        15
      70         6
      49         6
      44        12
      43        16
      41        14
      33        12
      29        11
      24         6
'TEST0005'
      19
    1000
     197        21
     188        20
     178         1
     161        17
     143         8
     126         5
     123         2
     122         9
     120        17
     102        12
      93        15
      90        19
      87         4
      65         8
      63        16
      47         1
      46        15
      41         1
      10         9
'TEST0006'
      19
    1000
     199        11
     197        13
     195        13
     181        15
     176         9
     168        19
     159         1
     131        14
     129        12
     119         9
      93        11
      92        10
      80         8
      69        15
      57        12
      48        12
      32         6
      29         9
      23         1
'TEST0007'
      20
    1000
     189        13
     180         9
     166        11
     165        21
     156         9
     153         8
     147         9
      97        17
      94        14
      68         7
      65        13
      64         9
      59         8
      55        17
      46         4
      45         8
      33         2
      22         1
      17         8
      10        12
'TEST0008'
      19
    1000
     190         7
     181         9
     170         1
     162         1
     161        13
     157        35
     151        15
     143        11
     137         4
     133        13
     129         2
     119        12
     117        11
     111         8
     108        18
     106         5
     104        10
      89        17
      27         8
'TEST0009'
      20
    1000
     188        11
     186         9
     183        17
     172        18
     145         4
     139        18
     134        13
     127        15
     116         4
      74         2
      73         4
      71        16
      60         5
      54        14
      35         2
      32        19
      31         4
      21        12
      20         4
      19         9
'TEST0010'
      19
    1000
     200         3
     198         5
     183         9
     179         6
     178         9
     164        13
     157        11
     156        10
     135        10
     129         8
     111        24
     105         6
      87        18
      77         2
      76        23
      67         8
      45        21
      29         3
      16        11
'TEST0011'
      19
    1000
     195        34
     193        12
     181        18
     171         6
     161        15
     132         3
     122         7
     121         2
     101         2
      83         5
      60         7
      53        12
      52        17
      45        11
      39         6
      30         5
      27        11
      26        17
      18        10
'TEST0012'
      20
    1000
     193         4
     179         9
     176        14
     145        13
     135        11
     122        19
     120        13
     118         1
     114         9
     111        17
     102        13
     100        13
      90         2
      87        17
      73         2
      70         4
      63        10
      43        14
      34         7
      31         8
'TEST0013'
      20
    1000
     200        11
     183        14
     172         5
     168        20
     164         2
     158        17
     155        15
     127        11
     111        20
     110         1
     108         3
      97        13
      72         9
      59         7
      56        11
      52        16
      40        11
      27         8
      11         4
      10         2
'TEST0014'
      20
    1000
     192         5
     186        13
     184         2
     165        16
     163         4
     149         9
     139        14
     127         2
     108         9
     104        16
      96         3
      83         7
      71        14
      59        15
      57        10
      54        17
      49        13
      45         7
      36        17
      26         7
'TEST0015'
      19
    1000
     188        12
     186         8
     174        16
     161        10
     156         3
     152         5
     150        18
     146         8
     138         6
     129        11
     110        17
     100         4
      93         5
      76        14
      74        13
      68        10
      53        17
      29         7
      17        16
'TEST0016'
      19
    1000
     198         4
     181        11
     176         7
     166         5
     148         7
     145        17
     140        11
     123        15
     119         3
     110        14
     103        15
      98        12
      96        13
      88        13
      66         1
      45        17
      44        15
      27         6
      26        14
'TEST0017'
      19
    1000
     185        13
     182         1
     180        17
     168        13
     166         9
     151        15
     139        18
     126        12
     124         3
     104        11
     101        13
      92        18
      86        17
      82        10
      75        11
      55        10
      50         4
      43         2
      41         3
'TEST0018'
      19
    1000
     192        13
     186        15
     182         4
     176        12
     174         4
     166        16
     141         8
     137        14
     116         2
     110        15
      96        16
      81         6
      73        15
      69        13
      63        11
      62        10
      44         6
      28        12
      25         8
'TEST0019'
      18
    1000
     180         7
     177        23
     164        21
     162        10
     158        15
     141         4
     131        27
     130         8
     110         3
     109        14
     106         6
      94        10
      91         4
      85         3
      80        14
      77         4
      51        11
      46        16
'TEST0020'
      19
    1000
     200         8
     198         4
     187         2
     178        12
     177         8
     172        18
     168         2
     153        15
     149        13
     143        15
     136        18
     121        18
     111        18
      79         9
      76         1
      60         9
      35        11
      26         9
      15        10
'TEST0021'
      19
    1000
     193        22
     185        20
     161        18
     157         2
     150         2
     146         6
     116         8
     110        20
      67         5
      66         3
      64         2
      56        14
      48        15
      45        13
      36         1
      29        11
      24        16
      19        22
      11         1
'TEST0022'
      18
    1000
     187         2
     186         2
     183         9
     170        11
     160         8
     156         3
     155         3
     152        27
     129        12
     126        20
     122        21
     120         4
      89         9
      70         4
      69        19
      61        37
      44         3
      43         6
'TEST0023'
      19
    1000
     190        13
     186        12
     168         1
     140        18
     139         6
     136        14
      98        22
      81         8
      80        18
      74         3
      63         3
      62        12
      58        19
      47        17
      40        14
      36         5
      31         6
      22         1
      10         8
'TEST0024'
      19
    1000
     200        16
     199        24
     191        13
     164         1
     160         8
     129         7
     120        21
     101        14
      98         7
      86        20
      81         8
      75        21
      67         6
      59         3
      52        15
      43         1
      29         7
      27         3
      16         5
'TEST0025'
      19
    1000
     185        17
     165        10
     154         5
     147        16
     132         3
     129         2
     111         8
     108        12
      89        14
      81        23
      61        13
      59         5
      54        15
      47         4
      46        12
      42         5
      36         4
      25        14
      11        18
'TEST0026'
      20
    1000
     196         5
     189         7
     175        14
     155         1
     152         9
     150        18
     142         8
     109        11
      98        10
      80         6
      74        12
      72        16
      69         1
      60         2
      49        18
      47        15
      44        16
      34        15
      25        10
      24         6
'TEST0027'
      20
    1000
     196         9
     181         8
     163         8
     116        17
     115        21
     108         2
     102        19
      88         2
      86        17
      78        20
      76        13
      58         2
      57        16
      42         5
      35        13
      29         4
      28         6
      24         6
      20         6
      17         6
'TEST0028'
      20
    1000
     196         9
     173         3
     168         1
     156        12
     149        12
     144        15
     138        14
     133        15
     132         8
     103        14
      96        12
      91         3
      79        11
      57        13
      55        14
      49         4
      29        16
      27         1
      25         7
      19        16
'TEST0029'
      19
    1000
     200        12
     195         7
     163        15
     127        12
     114        18
     113        13
     112        10
     111         5
     110         5
     106        12
     102        13
      95         2
      91         7
      85        10
      80        17
      57        16
      54         1
      49        18
      36         7
'TEST0030'
      19
    1000
     149         2
     147        17
     142         3
     130         6
     126         9
     114        11
     108        10
      94         2
      86        35
      74        18
      72        17
      55         3
      51         7
      43         4
      36        13
      35         8
      34        15
      26        16
      25         4
'TEST0031'
      18
    1000
     177        13
     164         3
     161         2
     150        16
     149         1
     139         7
     126        14
     119        16
     110        13
     107        15
     102        17
     101         5
      99        11
      95         5
      35        30
      26        12
      16        18
      10         2
'TEST0032'
      17
    1000
     192        13
     190        18
     179         8
     178        16
     162        15
     158        14
     143         3
     139        17
     135        17
     129        15
     125        17
     110         3
     109         3
      67        18
      64         9
      26         3
      12        11
'TEST0033'
      20
    1000
     178        13
     167         3
     163        17
     159        10
     135        15
     114        18
     105         1
      98         9
      93         4
      90         1
      86        19
      71         4
      58        15
      51         9
      45         7
      36        15
      26        16
      25         7
      21        17
      17         1
'TEST0034'
      20
    1000
     187        19
     184         4
     167        13
     161        14
     148         6
     140         8
      98         3
      93         4
      91         5
      84         2
      82        17
      76        22
      73         5
      70        18
      60        19
      53         4
      50        11
      39         9
      33        17
      31         1
'TEST0035'
      18
    1000
     191        10
     169         9
     167         7
     149        24
     145         6
     142        16
     125        11
     121         7
     119        14
     111        12
     107        11
      87         9
      74        14
      66        10
      53        19
      51         8
      33         6
      32         7
'TEST0036'
      18
    1000
     192        14
     170        16
     169         9
     156        15
     151        15
     142        15
     130         2
     127        13
     117        13
     112        21
      94        12
      76         3
      52         5
      27         7
      26        16
      25        11
      23        12
      22         1
'TEST0037'
      17
    1000
     194        13
     191        18
     181        35
     169         5
     139        10
     130        19
     124         8
     120        11
     109         1
     108        12
     107         1
      83         8
      51        14
      43         6
      39         9
      32        19
      15        11
'TEST0038'
      17
    1000
     198        18
     192         9
     191        12
     178        17
     176         8
     167        20
     166        21
     149         1
     146         3
     137         4
     136        40
     128         7
     125         1
     118        22
     113         6
      45         5
      40         6
'TEST0039'
      19
    1000
     172        15
     171        15
     166         2
     124        10
     117        11
     116        14
     109         8
     103        10
      97        17
      94        14
      85         4
      69        22
      66         1
      46        11
      45         8
      40        14
      37         5
      35        11
      22         8
'TEST0040'
      20
    1000
     190        12
     169        13
     167         1
     157         6
     155        11
     150        11
     142        11
     140        16
     128        17
     121         7
     112         4
     108        11
     106        10
     102         8
      79        12
      77         5
      69         1
      65         8
      35        15
      30        21
'TEST0041'
      19
    1000
     176         8
     175         7
     174        14
     148        17
     119        18
     117        16
     104         1
      94        21
      86         7
      70         8
      58         8
      55        14
      52         3
      49         5
      47         2
      38        14
      34        18
      28        15
      19         4
'TEST0042'
      18
    1000
     195        16
     180         5
     175        18
     174         9
     155         2
     142        21
     131        18
     109        13
     107         6
      98        10
      97        16
      87        19
      86         4
      67         9
      47         9
      44         9
      32         2
      26        14
'TEST0043'
      19
    1000
     191        15
     190        15
     182         2
     169        18
     165         3
     158         7
     143        15
     138         7
     137         7
     133        10
     130        29
     115         8
     111         6
      95         9
      94         9
      46         1
      35        11
      33        14
      19        14
'TEST0044'
      20
    1000
     198         2
     191        17
     178        16
     176        13
     172         1
     161         5
     158        11
     140         4
     132        17
     129         1
     124        11
     121        16
     115        16
      89        14
      83         6
      75         8
      64        12
      62        17
      43         1
      10        12
'TEST0045'
      19
    1000
     197        11
     187        10
     171        14
     167        22
     158        12
     151        45
     136        24
     134         7
     121         8
     112         2
      89         5
      85         3
      84         6
      69         1
      55         6
      53         2
      43         1
      17         2
      10        19
'TEST0046'
      20
    1000
     196         6
     189        16
     181         3
     170         3
     163        15
     162         8
     146         8
     121        11
     113         5
     103        13
      98         6
      87        14
      73        17
      66         5
      52        18
      29        18
      17         7
      15        12
      14         1
      10        14
'TEST0047'
      18
    1000
     192        13
     191        10
     168         9
     155        14
     154        15
     150        12
     141        18
      93        33
      72         3
      70        16
      64         3
      62        11
      57        15
      45         4
      33         1
      29        15
      28         4
      18         4
'TEST0048'
      20
    1000
     196         8
     188        16
     173        13
     165        16
     155         1
     145        12
     141         3
     124        13
     120         9
     119        11
      86        11
      82         9
      66         5
      56        10
      50        13
      42         5
      31         1
      30        16
      28        15
      16        13
'TEST0049'
      17
    1000
     187        10
     182        16
     180         5
     175        16
     166        17
     147        16
     140         9
     138         9
     132        13
     121         8
     105        13
      92         8
      83         7
      64        10
      47         3
      32        26
      12        14
'TEST0050'
      20
    1000
     172         2
     168        16
     161        19
     149        19
     137         4
     129        17
     118        10
     105        13
     102        16
      84         8
      81        11
      73        14
      69         9
      56         4
      54         2
      38         4
      34         3
      28         1
      26        16
      22        12
'TEST0051'
      19
    1000
     188        12
     187        14
     186        13
     171        10
     170        10
     168        12
     151        14
     144        11
     135         9
     129        11
     117        10
     110         5
     103        12
      98        12
      78        14
      42         2
      29        15
      22        12
      18         2
'TEST0052'
      19
    1000
     190         2
     179         3
     168         6
     146        15
     140         1
     132        15
     124        19
      96        11
      91         5
      88        12
      86        12
      82        17
      78        12
      63        15
      60        14
      41        12
      35         2
      27        18
      21         9
'TEST0053'
      18
    1000
     158        16
     126        11
     120        14
     118         4
     116         6
     115        14
     114        12
     105         3
      97         3
      94        15
      86         3
      85        16
      79        11
      61        33
      51         8
      31        17
      30         6
      22         8
'TEST0054'
      19
    1000
     197         1
     194        13
     188        17
     179         8
     171         8
     154        10
     141        13
     135         6
     134        10
     128         9
     108         3
     102        15
      77        12
      73        14
      70        14
      32         3
      29        16
      28        16
      20        12
'TEST0055'
      19
    1000
     198         4
     186         3
     180         7
     154         9
     148         7
     132         8
     128         2
     120         5
     119         3
     111        17
      85         5
      79        13
      77        20
      75         5
      65        19
      63        18
      59        19
      55        24
      46        12
'TEST0056'
      19
    1000
     198         5
     187         8
     179         8
     135         5
     132         4
     127         1
     112        15
     111        10
     107        15
      98        16
      76        17
      65         1
      62         3
      45        14
      41        17
      26        23
      23        16
      21        16
      13         6
'TEST0057'
      19
    1000
     185        17
     178         8
     177        18
     170         8
     142         1
     141         7
     139         7
     135        12
     121        12
     108        12
     104        15
      70         7
      59        10
      49         7
      46         8
      33        12
      23        17
      20        12
      12        10
'TEST0058'
      19
    1000
     200        26
     196         1
     155        15
     140         7
     136         1
     128         3
     125        11
     123        15
     119         4
     111         6
     109        15
     103        12
      92        20
      87        21
      79        18
      77         5
      75         3
      57        11
      24         6
'TEST0059'
      18
    1000
     194         2
     177         8
     175         7
     156         2
     149        15
     142         8
     138        13
     136         3
     117        16
     104        20
     103        17
     102        16
      90        22
      86         4
      63        18
      25         8
      20         8
      11        13
'TEST0060'
      19
    1000
     196        11
     172         4
     169         1
     168        16
     152        16
     128        13
     114        13
     111        12
     105         9
     101        12
      94         6
      93        10
      56        16
      55        25
      52        14
      41         3
      34         5
      16         8
      10         6
'TEST0061'
      18
    1000
     182        10
     145        17
     139        10
     126         4
     121        19
     113        13
     101         2
      95         5
      77        17
      69        16
      65        20
      56        11
      53         9
      52        17
      51         6
      45         5
      18        17
      17         2
'TEST0062'
      19
    1000
     199         4
     194        17
     187        18
     182         2
     166        16
     159         9
     152        11
     137        13
     135         1
     103         7
      90         2
      76        16
      71        15
      61         7
      54        19
      49        18
      43         5
      35        11
      17         9
'TEST0063'
      20
    1000
     191        11
     183         6
     178        11
     151        18
     145        14
     144        14
     133        14
     125         9
     123        10
     114        20
     112         1
     110        19
     102        14
      91        14
      89         1
      79         2
      75         1
      46         3
      31        16
      14         2
'TEST0064'
      20
    1000
     182        16
     178         4
     177        12
     168        10
     146         3
     136        12
     134         1
     132        12
     131         1
     126         7
     116        16
     113        13
     109        14
      86        17
      84        16
      47        17
      44        18
      35         2
      30         8
      12         1
'TEST0065'
      18
    1000
     198        18
     190         6
     189         2
     188         2
     174        21
     170        13
     165        31
     159        28
     153         7
     122        20
     102        14
      94         5
      70         1
      60         1
      48        19
      39         1
      32         2
      23         9
'TEST0066'
      18
    1000
     184        17
     178         1
     170        19
     163         2
     158        17
     154        37
     144        10
     128         8
     123         4
     122        16
     117         9
     101        15
      98        11
      93         8
      69         5
      62        14
      20         6
      17         1
'TEST0067'
      18
    1000
     192        22
     181        11
     167         2
     161        20
     147         6
     118        18
     117         2
     114        18
     110        11
      94         2
      92        13
      85        15
      80         2
      69        12
      60         1
      53        23
      43         7
      36        15
'TEST0068'
      19
    1000
     197        14
     196        10
     191         9
     188         9
     183        18
     171         1
     162        12
     125         6
     122        16
     116         4
     113        13
     112         7
      98        18
      83        15
      58         4
      57        11
      43        11
      23        18
      16         4
'TEST0069'
      19
    1000
     194        16
     181         6
     168        14
     165         2
     159         2
     156        17
     144        16
     138        17
     137         1
     132         3
     123        17
     120         3
     108        12
      94        14
      66        13
      64         3
      37        19
      21        11
      11        14
'TEST0070'
      18
    1000
     182        12
     175        10
     174        11
     170         9
     168         5
     153         7
     149        17
     139        12
     134        12
     131        14
     128        17
      96         9
      83         5
      67        18
      63         3
      43         5
      39        16
      23        18
'TEST0071'
      19
    1000
     198        16
     191         6
     189        15
     181        19
     171        10
     162         4
     158         4
     135         8
     124        18
     110         7
      90         1
      77        10
      74         8
      57         4
      53         8
      52        29
      29         8
      23         9
      21        16
'TEST0072'
      20
    1000
     199        13
     198        15
     192        14
     166        12
     156        12
     138        17
     130         6
     129        19
     124        13
     107         6
     102         4
      90         7
      72        14
      69        13
      60         2
      40         3
      29         2
      22         6
      18        17
      13         5
'TEST0073'
      20
    1000
     192        18
     190         1
     185        10
     182        14
     170         1
     165         5
     144        19
     142         5
     135         9
     127        10
     126        18
     116        18
     101         2
      92        19
      83        10
      54         2
      46        13
      37         6
      22        19
      21         1
'TEST0074'
      19
    1000
     200        19
     181        15
     155         1
     150        18
     142         2
     137         7
     128         8
     125         2
     115        11
     111         9
     105        28
      98         8
      88        20
      78         2
      70         2
      36         4
      30        17
      28        11
      19        16
'TEST0075'
      19
    1000
     187        11
     186        15
     182        13
     177        13
     172        14
     159         5
     156        15
     141         8
     137        13
     136         3
     125        18
     114         4
     102         8
      89        11
      88        11
      79         9
      78        15
      38         7
      27         7
'TEST0076'
      18
    1000
     199         7
     192         9
     173         9
     155        17
     152        16
     149         1
     117         7
     112         6
     110        18
      93         2
      80        12
      79        15
      71         6
      63         3
      37        17
      34         8
      15        15
      14        32
'TEST0077'
      17
    1000
     158        14
     149        17
     147        14
     143        12
     135         5
     133        17
     130         4
     125        12
     118        38
     110        14
      95        13
      93         2
      77         9
      63         6
      49         7
      43        13
      11         3
'TEST0078'
      20
    1000
     191         9
     181        24
     180         1
     178        23
     173         9
     166        19
     159         1
     153        11
     131         5
     128         4
     115         3
     105         8
      99        12
      98        23
      88        11
      82        13
      56        10
      45         5
      39         3
      19         6
'TEST0079'
      20
    1000
     198        15
     197         7
     192        19
     186        16
     169         6
     145         5
     137         8
     120         2
     111        18
     107         4
      95        19
      92        13
      64        17
      56         5
      52         4
      44         7
      38        12
      25         8
      15        11
      11         4
'TEST0080'
      16
    1000
     200        34
     194        13
     189         2
     166        10
     146        15
     138        17
     122         2
     114        10
     103         8
      81        13
      79        12
      74        26
      71         9
      60         5
      41         8
      26        16
'TEST0081'
      20
    1000
     172         2
     161         3
     147        13
     141        13
     137         4
     125        18
     124        17
     122        12
     108         6
      98         9
      86        13
      83        12
      79        12
      61        17
      60        12
      56        10
      27        12
      16         5
      15         6
      10         4
'TEST0082'
      19
    1000
     170         1
     158         5
     155         4
     140        22
     132        22
     130        11
     128         5
     127         2
     111         1
     100        14
      96        13
      73         5
      70        18
      55        20
      47         5
      45         7
      39        20
      26        14
      17        11
'TEST0083'
      19
    1000
     197        14
     193         4
     184        21
     181        12
     177         7
     171         7
     169         5
     136        13
     117         6
     115         8
      85         2
      72         7
      59        14
      52        20
      41        18
      30        15
      25         1
      24        11
      23        15
'TEST0084'
      17
    1000
     182        15
     171        16
     158        11
     143        11
     131         8
     130        18
     125        13
     119        15
     106         8
      86         3
      72        16
      68        13
      59        11
      51         2
      33        11
      25        14
      14        15
'TEST0085'
      20
    1000
     193         2
     176         1
     158        16
     157         8
     120         6
     111         9
      99        12
      98        15
      95         7
      87        16
      82         6
      81        12
      68         5
      65         3
      56        16
      45         4
      36        15
      16        16
      15        13
      12        18
'TEST0086'
      20
    1000
     180         8
     171         1
     160        19
     159         3
     156         8
     149         1
     140        21
     139        11
     120        13
     101         7
      92         5
      83        20
      80         8
      73        21
      69        11
      66         6
      63        18
      52         5
      33         6
      22         8
'TEST0087'
      19
    1000
     196         8
     194         2
     193         6
     163        17
     161         5
     160        16
     157        17
     144        12
     138        20
      92         3
      86        11
      73        11
      63        17
      50         1
      45         7
      44        12
      38        16
      34         5
      10        14
'TEST0088'
      20
    1000
     188         4
     168         2
     165        13
     159        12
     153         3
     152        11
     145        14
     142        11
     133         1
     132         4
     126        17
     122         4
     109        12
     102         7
      95        15
      92         9
      65        16
      50        10
      42        16
      19        19
'TEST0089'
      19
    1000
     182        17
     175         7
     169         3
     161         9
     159        10
     149        18
     124        11
     121        13
     109        13
     104         9
     103        17
     100         2
      85        18
      72         3
      67         3
      65        23
      64         2
      62        13
      30         9
'TEST0090'
      20
    1000
     190        18
     185        13
     180         7
     179         9
     175        10
     163        15
     158        17
     146        16
     140         3
     132        12
     129         2
     120         2
     117         9
     102         4
      56        16
      42         2
      27        12
      26         3
      21        15
      16        15
'TEST0091'
      18
    1000
     180         1
     171         4
     170         7
     162        12
     151         5
     150         4
     143         3
     137        16
     105        14
      97        14
      91        11
      82        22
      67        15
      66        34
      40        21
      39         2
      37         8
      20         7
'TEST0092'
      20
    1000
     195         9
     174         4
     158         2
     150         9
     130        10
     126         6
     103        12
      89         6
      86         7
      84        19
      72         9
      63        17
      50         4
      44        18
      34         8
      32        12
      28        21
      22         5
      14        16
      10         6
'TEST0093'
      19
    1000
     197        14
     183        12
     175        17
     164        14
     142        15
     139         9
     135         2
     131        17
     130         6
     111        16
      75        10
      70         3
      48        15
      45         3
      36        21
      31         7
      26         2
      18         5
      16        12
'TEST0094'
      20
    1000
     200         6
     197         2
     188         8
     184        21
     179         6
     176        15
     173         5
     167        15
     149        12
     131         6
     123        13
      85         1
      75        18
      70         7
      69        19
      64         4
      57        16
      42         6
      20         3
      18        17
'TEST0095'
      19
    1000
     198        17
     196         7
     191        15
     178         4
     174        10
     162        13
     157        13
     153         1
     131         6
     130         8
     123        28
     117         5
     107        17
      51        18
      47        14
      44         2
      41         1
      28        17
      13         4
'TEST0096'
      20
    1000
     183         3
     177        19
     161        18
     159         4
     153         5
     150        28
     146        11
     144         1
     141        14
     133         1
     122         1
     121        11
     108        18
     104        17
     101         4
      85        20
      65         2
      35         5
      22        11
      21         7
'TEST0097'
      17
    1000
     200         2
     184         1
     167         2
     162        10
     129         5
     119        18
     103        14
      95        16
      91        10
      77         9
      73        20
      71        32
      61         3
      53        12
      45        20
      27        17
      26         9
'TEST0098'
      20
    1000
     197        13
     191         6
     178         8
     176        16
     173        12
     172        10
     170         8
     163        15
     158         1
     143        11
     142         9
     136        15
     100         1
      97        15
      94        13
      86        16
      52        13
      29         4
      21         6
      15         8
'TEST0099'
      20
    1000
     200         2
     196        16
     194         7
     182        12
     178        11
     163         2
     115        13
     108        13
      84         9
      76         6
      75         5
      72         9
      67         6
      63        17
      55         7
      33        15
      30        15
      28        11
      25        12
      21        12
'TEST0100'
      17
    1000
     195        29
     189         1
     183         4
     178        10
     172         5
     170         7
     163         9
     156        11
     151        15
     147        10
     140        20
     109        21
     108        13
      97        21
      77         4
      66         1
      42        19
