'TEST0001'
      38
    1000
     190       123
     188        42
     184       204
     167        40
     164        26
     158       194
     152        99
     146        22
     144       162
     142        42
     139        81
     135       124
     133        25
     125       111
     114         3
     111        24
     108       192
     106       199
     105       158
     102       182
     101         4
      99       101
      91        31
      90        75
      82       205
      76       143
      74       191
      73       174
      65        12
      64       288
      63       104
      61        31
      59        65
      52        22
      44        65
      43       179
      34        95
      12       162
'TEST0002'
      38
    1000
     200        94
     199       115
     198       212
     196        22
     195       210
     191        36
     186        83
     185       153
     183        38
     179       143
     178        44
     170       166
     165       131
     163        68
     158        27
     143       105
     142        39
     141       184
     139        17
     137       147
     132        18
     121       207
     120        90
     108       154
     100        17
      99       171
      83        88
      69       160
      66        21
      64        60
      53        92
      35        66
      34        68
      28       126
      23       165
      16       144
      15       247
      13        72
'TEST0003'
      38
    1000
     197       135
     191        33
     188        60
     179        17
     178        71
     177       147
     161       103
     154       128
     153        40
     146        94
     143       302
     140        72
     126        19
     123        51
     122       162
     120       104
     115       136
     102       161
      95        11
      93       122
      90       135
      87       142
      84       163
      83        92
      65       214
      63         1
      51       149
      49       126
      47        93
      46       114
      45       104
      41        91
      39       162
      30       129
      16       126
      15        61
      14        93
      10        37
'TEST0004'
      35
    1000
     198       144
     189       106
     180        93
     166       107
     165       238
     156       168
     153        78
     147       131
     131       139
     128        97
     125       177
     122       149
     111       149
      97       125
      94       212
      91       157
      90       144
      87        58
      83        68
      80         5
      79       113
      69       158
      68       122
      65       120
      64        88
      59        32
      55       106
      46        17
      45       178
      33        66
      23       143
      22        44
      17        76
      15       138
      10        54
'TEST0005'
      40
    1000
     188       106
     186       171
     183       163
     179        21
     172       209
     171        40
     169       132
     160        74
     151       207
     145       186
     140       186
     139       162
     134        63
     133         7
     130       112
     127       138
     119        85
     116       138
     112        73
     101       191
      89        25
      74        39
      73        73
      71        43
      60        70
      58       101
      54        86
      50        74
      46        39
      45        38
      43        60
      42       185
      35        49
      32       136
      31        14
      30       178
      26        63
      21       164
      20        26
      19        73
'TEST0006'
      35
    1000
     195       270
     193       116
     182        62
     181       190
     173        55
     171       255
     169       105
     161       112
     151       114
     147        22
     132        80
     125        66
     122       140
     121        34
     120       130
     112        94
     111       108
     101        25
      83        43
      79       358
      68       107
      67       196
      60       130
      57         3
      56        87
      53       171
      52       132
      45       132
      42        24
      39       176
      30        24
      29        44
      27       102
      26       212
      18        81
'TEST0007'
      38
    1000
     200       114
     199        44
     197        48
     183        60
     174       172
     172        92
     168       126
     164        26
     159        34
     158        16
     155        84
     152       136
     144       150
     128       151
     127       170
     118        72
     116        46
     111       273
     110        38
     109        57
     108       137
      97       189
      88        44
      79        91
      72       151
      59        17
      58       100
      56       175
      52        33
      45        71
      40       146
      36       162
      30       106
      27       185
      22       144
      12        77
      11       181
      10        82
'TEST0008'
      34
    1000
     188       183
     186       129
     181        96
     180        17
     174        89
     168       132
     161       129
     156       164
     152        82
     150       159
     147        54
     146       180
     138       243
     132        16
     129       254
     110       183
     100        68
      93        51
      88        73
      84        16
      80       151
      78       114
      76       154
      74        33
      68       139
      64       153
      62       119
      59       135
      53       132
      52         3
      44       175
      42       150
      29        62
      17       162
'TEST0009'
      38
    1000
     197        14
     192        78
     191       140
     187        53
     185       155
     182        90
     180       164
     168       114
     166        57
     165        96
     151       118
     149       149
     146        64
     145        47
     139       148
     137       114
     128       159
     126        17
     124        48
     120        31
     109       139
     108       158
     104        48
     101       126
      98        42
      92       168
      86        90
      82        92
      75        58
      55        21
      50       329
      45        62
      44       156
      43       140
      41       123
      31       110
      30       189
      10        93
'TEST0010'
      34
    1000
     197        64
     180       280
     177        23
     164       156
     162        15
     158        61
     149       123
     141       174
     136        94
     133       155
     131       279
     130       132
     125        46
     124       150
     110         6
     109       129
     106       278
      96        77
      94        54
      91       176
      85       164
      82        19
      80       127
      77         4
      74       120
      68       142
      58       163
      51       167
      46       164
      45        82
      40        88
      38       100
      32        79
      20       109
'TEST0011'
      35
    1000
     194       142
     193        35
     190       141
     185        79
     171       291
     161       283
     157       144
     150        59
     146       176
     144       119
     137        51
     125       150
     124        33
     116       161
     110       160
      98       145
      74        60
      67        14
      66        17
      64        84
      63        97
      56        71
      51        31
      48        22
      45       172
      41        74
      36       103
      31       180
      29       219
      27       122
      24       171
      19       170
      15       158
      14        30
      11        36
'TEST0012'
      35
    1000
     194        22
     190        74
     186       255
     179        38
     171       205
     168       214
     145       214
     140       225
     139       136
     136        85
     128       215
     126         8
     125        86
     107        48
      98       273
      92        56
      90       148
      81       209
      80        13
      74       123
      67        13
      66        71
      63        66
      62       196
      58       198
      47       187
      40        73
      37       193
      36        51
      35        30
      31       143
      22         7
      16        60
      13        29
      10        36
'TEST0013'
      38
    1000
     200        44
     193       182
     185       163
     174        28
     165        38
     164       197
     162       206
     157        41
     154       157
     149        68
     147        56
     143       160
     138        72
     132       146
     129       109
     113        17
     111        16
     109       154
     108        77
      91        52
      89        73
      81       149
      69        95
      68       186
      66        84
      61       118
      59        99
      54        65
      49       124
      48       164
      47        11
      46        22
      42       186
      40       158
      36       170
      26       151
      25       105
      11        57
'TEST0014'
      38
    1000
     196       179
     181        90
     170       152
     163       141
     161       117
     153        17
     143       134
     142        83
     131        44
     116        67
     115        79
     114        38
     108         9
     106       124
     102        19
      88       129
      86        46
      79       118
      78       157
      76        15
      69       103
      68        39
      67         8
      60       137
      58       135
      57       166
      56       158
      53       170
      49        88
      42       154
      38       130
      35        39
      29       122
      28       298
      26       221
      24        12
      20        83
      17       179
'TEST0015'
      34
    1000
     200        30
     195        79
     167       148
     164       171
     163       143
     160        32
     144       121
     127        51
     123        94
     122       169
     116       128
     114       162
     113        73
     112        93
     111       122
     110        77
     106        56
     102        40
      98       184
      95        36
      94        72
      91        98
      85       128
      80       111
      77        17
      72       387
      57       423
      54        81
      53        49
      50       148
      49        92
      36       169
      31       180
      11        36
'TEST0016'
      36
    1000
     197       163
     189        59
     185       124
     184       134
     177       106
     175       124
     171        17
     167       193
     164        61
     161       180
     160       143
     152         5
     150       128
     149        58
     140       108
     139       181
     127       158
     126       139
     119       196
     110       113
     107       153
     102        69
     101       141
      99       128
      95       124
      88        22
      63       143
      60       147
      58       125
      40       143
      36        30
      35       187
      26        34
      23        43
      16       100
      10        21
'TEST0017'
      37
    1000
     200       182
     188       100
     179       210
     178        90
     177        76
     175        25
     167        52
     164       106
     163        87
     161        98
     159       217
     143       166
     135        80
     114        73
     106        49
     105        61
      99       248
      98       157
      93       186
      90        35
      86       125
      84       193
      71        72
      58        25
      54        39
      51        53
      46        20
      45       162
      43       211
      36        43
      26       174
      25       179
      23        34
      21       107
      17        83
      14       161
      13        21
'TEST0018'
      36
    1000
     194       129
     191        17
     176       100
     169       143
     167       150
     150        15
     149        55
     145       156
     144       105
     142        82
     126       157
     125       117
     121        17
     119       356
     114        64
     113        99
     112       114
     111       103
     107        44
     103       171
      95       100
      87       160
      85       160
      83       162
      81        25
      80       135
      74       135
      72       122
      68       106
      67       123
      66        34
      53        58
      51       241
      33       112
      32       125
      27         8
'TEST0019'
      33
    1000
     195       168
     194       274
     191       153
     181       379
     178       144
     172       117
     169        95
     145       106
     139       117
     130       183
     124       173
     120       116
     118        33
     117       100
     110       129
     109       167
     108       210
     107        93
      94       134
      89        65
      87       156
      83       160
      78        25
      69        34
      62       169
      51       140
      50        52
      43         3
      39       162
      32         1
      24        49
      15        36
      10        57
'TEST0020'
      38
    1000
     200       131
     184        69
     177       129
     172       111
     171        96
     169       179
     168       157
     166       122
     147        20
     137       139
     133       156
     132       101
     124        91
     122       144
     120       117
     119        97
     117        26
     116       146
     113        59
     109       119
     104       125
     103         7
     101        58
      97       105
      94       103
      85       106
      71       156
      69       226
      66        41
      49       103
      46        97
      45        72
      40       118
      37        52
      35        14
      32        81
      22       146
      15       181
'TEST0021'
      36
    1000
     198        37
     176       130
     175        37
     174       119
     173        62
     171        18
     165        82
     150        83
     148        40
     142       156
     138       131
     135       143
     121        95
     119       199
     117       107
     104       183
      94       177
      86       105
      84       177
      80       151
      77        45
      76       170
      75        91
      70        23
      58       202
      55       175
      52       128
      49        56
      47       257
      38       179
      34       123
      32        86
      28        31
      27        56
      21        15
      19       131
'TEST0022'
      35
    1000
     200       120
     198       155
     191        48
     190       287
     182       113
     175       140
     169       154
     167         1
     165       203
     163        74
     158       167
     143       110
     138       103
     137        31
     133        60
     130       241
     129        51
     126        18
     118       165
     115       160
     111       130
     103         3
     102        52
      97       112
      95        39
      94       169
      82       120
      80       157
      72       157
      46       131
      37        62
      35        74
      34       117
      33       167
      19       109
'TEST0023'
      36
    1000
     197       182
     187        72
     183        23
     179         8
     171       211
     167         7
     166         5
     161       173
     158       100
     151       396
     144       117
     136       105
     134       126
     121        48
     112       174
     111        64
      95       154
      89        87
      86         1
      85        55
      84       160
      79        33
      69        26
      63       221
      56        78
      55       155
      53       129
      44        59
      43       132
      34       168
      26        50
      24       180
      20       178
      17        67
      12       121
      10       135
'TEST0024'
      37
    1000
     199       182
     192       108
     191        55
     189       132
     188       159
     177        25
     173       174
     168       142
     165        71
     155        32
     154       107
     150       152
     147       111
     145       129
     141        85
     130        75
     126        20
     119        21
     109        89
      93       327
      88       183
      72         2
      70       132
      64        33
      62       149
      57        99
      53       127
      51       117
      45        95
      43        53
      42       112
      39       148
      33        53
      29        17
      28       175
      18       163
      13       146
'TEST0025'
      33
    1000
     187       256
     182        51
     180       195
     176       208
     175       254
     170        27
     166        19
     147       155
     144       176
     140        79
     139        83
     138        20
     132       103
     121       168
     117        22
     111       178
     105       207
     103       207
     100        43
      96       186
      94       111
      92       146
      88       172
      85        88
      83       122
      64       157
      55        94
      47        40
      39        25
      32        79
      26         1
      25       171
      12       157
'TEST0026'
      35
    1000
     188        13
     187       155
     186       228
     179       193
     172       339
     171        89
     170        28
     168        78
     155        93
     151       206
     147        82
     146        86
     144       206
     143        61
     140        36
     135        13
     133        18
     130        28
     129        59
     124       160
     123         1
     121       153
     117       198
     112       112
     110        50
     103       123
      98       122
      78       182
      68       279
      42       149
      39       128
      29        17
      28       188
      22        43
      18        84
'TEST0027'
      36
    1000
     198       175
     192       181
     189       137
     180        21
     169       119
     164       118
     158       178
     140        10
     136        64
     128        18
     126       161
     120       169
     118        19
     116       112
     115        57
     114        61
     113       125
     105       154
     101       125
      97         3
      94       132
      93       169
      86        83
      85        76
      80       172
      79        58
      76        57
      61       216
      51       149
      50       120
      44       141
      43       139
      37        32
      31       156
      30       157
      22       136
'TEST0028'
      34
    1000
     198        17
     186       107
     185       125
     180       133
     176        59
     173        70
     168        15
     154       122
     148        37
     134        18
     132       200
     128       104
     120        33
     119       133
     113        94
     111       188
      93       180
      86        55
      85        62
      83        87
      79        90
      77        60
      75        41
      70        12
      68       177
      65       118
      63       172
      59       189
      57       200
      55        49
      54       365
      46       263
      33       371
      28        54
'TEST0029'
      34
    1000
     196       193
     195       148
     185        48
     178        84
     177       226
     170       220
     142        71
     141        79
     139        69
     138       103
     137       208
     135       372
     134        94
     131       133
     121       128
     119        82
     108       159
     104         2
      98       136
      97        68
      92        13
      85        30
      84        97
      81       173
      73        53
      70       138
      59       106
      49       178
      46       193
      33       162
      23        49
      20        29
      12       104
      10        52
'TEST0030'
      33
    1000
     194        31
     192        24
     177       262
     175        44
     156         6
     155       246
     149        89
     144       115
     142        45
     138       296
     136        99
     134        41
     126       101
     117       155
     104         1
     103       126
     102       133
      93        49
      90       188
      87       337
      86       301
      84       110
      81       144
      80        69
      74       113
      63       182
      43       136
      37       146
      28       164
      27        32
      25        60
      20        88
      11        67
'TEST0031'
      34
    1000
     184        93
     182       183
     171        92
     170        33
     169       155
     164       126
     162         8
     154        39
     145        80
     139       318
     133        61
     126       141
     121        25
     116        66
     113        51
     101       176
     100        44
      97       187
      95       125
      91        42
      77       172
      69       195
      65       246
      56       231
      53        26
      52        50
      51        18
      48       158
      45       147
      44        69
      29       186
      20       181
      18        48
      17       228
'TEST0032'
      39
    1000
     194       112
     191        79
     188       131
     183       182
     178       177
     174       177
     158       123
     151        27
     145        81
     144        40
     140        36
     139       128
     135       133
     134       170
     133       109
     125        22
     123       105
     114       129
     113       144
     112       155
     111        39
     110       115
     102        98
      99        25
      91       110
      90        13
      89       113
      79         5
      75        67
      69       152
      46       121
      41       133
      37       157
      31       151
      24       162
      23       168
      14        18
      11        75
      10        18
'TEST0033'
      36
    1000
     198       137
     190       165
     189       141
     188       106
     176        56
     174       102
     172         7
     170       128
     165       236
     159       162
     158       107
     153       137
     150       247
     135       146
     122        10
     120        80
     116       137
     110       165
     104         2
     102       180
      99        22
      94       159
      70       140
      66        72
      60       133
      59        94
      49        79
      48        36
      39       154
      32        88
      26       146
      23       181
      22        44
      18       132
      15        56
      13        13
'TEST0034'
      37
    1000
     200       109
     192       254
     181       177
     178       176
     176        12
     167       177
     163       152
     161        97
     151        46
     148       144
     147       164
     134        45
     131        70
     125       168
     118         6
     117        31
     116        98
     114       101
     111       106
     110        38
     106        95
      94        95
      92        88
      85        87
      80       169
      75         2
      71       116
      69        55
      66       151
      60        38
      53       180
      43       166
      36       142
      33        38
      31       210
      30       170
      11        27
'TEST0035'
      33
    1000
     194        55
     193       136
     185       164
     181        82
     179       281
     178       119
     173        13
     168       132
     167       115
     165        32
     159       153
     156       112
     152       233
     144        28
     138       208
     137        70
     132        13
     128       120
     123       102
     120       118
     119        88
     108        48
      94        71
      66       305
      64       124
      42       147
      37       239
      36        69
      35       182
      26        81
      21       169
      18       169
      11        22
'TEST0036'
      36
    1000
     198        13
     196        64
     191       161
     190       132
     189       117
     181         3
     171       123
     169       246
     165       194
     162        20
     158         8
     157        95
     137        31
     135       123
     124       150
     112       187
     110        82
     107       101
     102        61
      93       141
      91       152
      90       143
      89       129
      88       128
      77       173
      74       255
      68       139
      57        67
      53        42
      52       219
      51       154
      49        26
      29        25
      23        59
      21       181
      15        56
'TEST0037'
      36
    1000
     192       150
     191       135
     190       141
     186       222
     185        10
     182        65
     181       102
     175       116
     170       126
     165        84
     144        73
     142       108
     137       112
     135       155
     128       183
     127       101
     126        28
     116       123
     101       335
     100       189
      99        23
      92        64
      83        82
      70        23
      60       111
      54        87
      52       101
      46       174
      45        74
      37       192
      29        17
      28        16
      22        43
      21       166
      20       104
      14       165
'TEST0038'
      35
    1000
     187       336
     186       111
     182       196
     177        72
     172        73
     159         5
     158        28
     157        25
     156       175
     149       104
     141        55
     137       169
     136       111
     135       236
     125       144
     122         5
     115        75
     114       196
     107       182
     102       176
     100        13
      97        51
      92        19
      89        68
      88       194
      86        16
      79       132
      78       162
      75        67
      69        29
      55       184
      48        91
      41       163
      38       171
      27       166
'TEST0039'
      36
    1000
     193        78
     191       181
     168       168
     162       195
     158       181
     149        10
     147       131
     143       279
     142       102
     137       114
     135       184
     133        88
     131       160
     130       175
     126        32
     125       154
     121       127
     119        71
     118       199
     110       193
      95        71
      93       154
      91        11
      77        92
      75        41
      68        30
      63        27
      58        63
      49        98
      47       185
      43        94
      42       105
      31        84
      29        38
      15        23
      11        62
'TEST0040'
      36
    1000
     198       388
     197        30
     192       182
     190        15
     186        48
     176       175
     171       130
     169        69
     157       171
     145        62
     139        62
     137       149
     126       123
     120        59
     114       171
     111        66
     107        66
      95        89
      92       161
      87       291
      83        13
      82        11
      72        92
      64       143
      61       166
      56        21
      55        95
      52        75
      51       129
      44       112
      38       112
      36       149
      31        86
      25        45
      15        82
      11       162
'TEST0041'
      38
    1000
     193        73
     192         8
     190        98
     172       103
     161        19
     149       323
     147       169
     144        69
     141        43
     140       115
     137       150
     135       134
     134       138
     133        40
     132       149
     125       166
     124        33
     122       136
     116        51
     108        12
     102        50
      98        37
      86        98
      83       117
      79       217
      75       110
      67        51
      62        15
      61         3
      60       136
      56       134
      50        45
      45       182
      44       202
      27       121
      16       200
      15       142
      10       111
'TEST0042'
      36
    1000
     199        50
     197        23
     193       109
     191         5
     184       133
     181       161
     177        97
     171        76
     169        58
     144       161
     139       120
     136       157
     129       121
     128        15
     118       172
     117       122
     115       148
     108        62
     104         4
      85       169
      83       168
      76       123
      75       119
      74        92
      72        26
      64       176
      59       148
      52       160
      51        87
      45        35
      41       316
      30       120
      25        18
      24       269
      23        86
      22        94
'TEST0043'
      38
    1000
     193       141
     176        62
     175       260
     174        25
     171        89
     169       175
     164       163
     158       184
     157       151
     156       119
     145        68
     134        64
     131        76
     120        80
     111        46
     101        58
      99       140
      98       159
      95        89
      87         2
      82       183
      81        28
      77        73
      73         9
      68       203
      67       107
      65       129
      63        64
      56        46
      48       191
      45        78
      41       205
      36       103
      25        54
      21       172
      16        45
      15        56
      12       103
'TEST0044'
      35
    1000
     196        39
     194       138
     193        79
     186        53
     182       150
     180       119
     174        83
     173       144
     163       138
     161       172
     160       127
     157       260
     144         9
     138       219
     137       118
     131        96
     128        32
     119       113
     117        35
      93        21
      92       235
      86        33
      78       109
      73       241
      63        14
      62       208
      50        42
      45       119
      44        66
      40       145
      38        89
      34       150
      31        92
      19       157
      10       155
'TEST0045'
      36
    1000
     197       149
     195       119
     193       170
     183       137
     182       165
     178        33
     175       131
     169        12
     161       170
     159       175
     149        47
     146         6
     145        16
     139       122
     124        92
     123       111
     121       107
     109       199
     104       154
     103       296
     100        63
      99        81
      87        95
      85       138
      79       162
      72       150
      67        33
      65       149
      64        88
      62        39
      45       147
      41        22
      37       116
      35        32
      30       143
      29       131
'TEST0046'
      35
    1000
     180        78
     171        51
     170       151
     164        31
     162        16
     161        28
     151       186
     150        23
     143         6
     137        95
     126       175
     123       117
     121        43
     113       231
     111        99
     105       146
     103         1
      97        67
      96        93
      92       206
      91        99
      82        69
      78        93
      67       112
      66       247
      61        72
      51       201
      49        96
      40       182
      39        42
      37       409
      29       222
      22        55
      20       171
      11        87
'TEST0047'
      39
    1000
     197       190
     193        55
     192       115
     183        48
     181       160
     175        67
     171        33
     167       169
     164        61
     160       124
     158        10
     142        60
     141       181
     139       142
     138       177
     135         9
     131       172
     130       193
     122        77
     118       166
     111        50
     107        22
     105        73
      89       187
      77        54
      75       133
      70        41
      67       136
      48       110
      45        52
      41       114
      37         8
      36       221
      32       170
      31        40
      28       141
      26        51
      18        25
      16       163
'TEST0048'
      35
    1000
     198       163
     196       128
     191       104
     190       197
     188       141
     184       155
     178       170
     177       187
     174       160
     164       112
     162       108
     157       191
     154        29
     153        86
     139       190
     131       150
     130        14
     123       178
     117       146
     115       143
     114        31
     107        41
      85       216
      77        84
      73         7
      58       111
      51         4
      47       225
      44       133
      41        31
      29       160
      28        16
      23        36
      19        90
      13        63
'TEST0049'
      37
    1000
     200       139
     197        66
     185       156
     184       140
     172       109
     170        10
     167       128
     162        36
     141       141
     140        75
     133       161
     132       146
     129       115
     123       133
     119         5
     103       143
     100        73
      99       115
      95        95
      92       130
      91        64
      89        77
      77       163
      73       226
      71       223
      69        13
      61       112
      53        88
      52       156
      45        14
      40       156
      38       132
      31       159
      27       129
      26        43
      24        56
      21        73
'TEST0050'
      35
    1000
     200       137
     196        29
     194        60
     191       137
     182        89
     179       166
     178       144
     175       166
     173       117
     163       160
     152       146
     148       151
     141        78
     136        50
     131       219
     115       145
     111       278
     110       126
     108        99
      88       145
      84        31
      76        80
      75        19
      74        20
      72        57
      70        58
      67        13
      63       208
      55        81
      36       159
      33       271
      30       170
      28        33
      25         4
      21       154
'TEST0051'
      36
    1000
     187       167
     184        45
     181       188
     178        35
     177       151
     176        94
     174         1
     166       125
     165       108
     159        32
     154       193
     151       127
     141       132
     137        47
     135        24
     122        32
     117       185
     105       183
     102       160
      95       162
      90        43
      84        58
      82       177
      76        76
      67        14
      59        25
      58        45
      51       185
      45        76
      38       115
      36       154
      28       338
      20        72
      14       112
      13       212
      12       107
'TEST0052'
      35
    1000
     195        36
     194       126
     191        30
     186       152
     185       262
     184       160
     181       190
     180       112
     173        80
     166       124
     165        82
     152       124
     144       181
     142       144
     140       101
     129       200
     126       185
     125       158
     119       114
     118       181
     100       137
      98       134
      87       175
      80       201
      79         6
      76       193
      61        23
      60       122
      59         3
      58         4
      52        28
      45       145
      32        11
      27        49
      10        27
'TEST0053'
      38
    1000
     200        87
     198       141
     197        51
     191        17
     188        43
     185        79
     169        72
     168        98
     162       164
     155        53
     146       158
     144       158
     132       162
     123        56
     119        78
     112        45
     109        26
     104        99
     101       172
      93       159
      77       147
      72        84
      71       105
      70        40
      69       168
      66       107
      65       159
      62       181
      57       117
      55        52
      54       234
      53        60
      47        76
      44       103
      32        33
      28       183
      24       184
      13        49
'TEST0054'
      38
    1000
     200       214
     198        83
     197        88
     196       117
     192        54
     190        38
     186       149
     175       147
     170       112
     166        65
     163       144
     162        66
     160       138
     159        27
     149       133
     138       148
     120       127
     110        63
     108       142
     104        25
      94        22
      92       170
      90       132
      88        81
      82       131
      81        24
      72       151
      63        12
      58       139
      54       148
      46         4
      42       154
      41       172
      34       153
      33        49
      31       212
      27       100
      26        66
'TEST0055'
      37
    1000
     195        19
     194       128
     192        76
     191       124
     187       122
     184       136
     182       156
     181       187
     180       185
     174       169
     168       163
     165       101
     161       188
     160       108
     156       126
     150       121
     137        75
     125       307
     121        17
     120       114
     109       127
      99       149
      98        52
      96        72
      86        66
      80        71
      71        93
      51        64
      40         1
      31       136
      30        39
      26       149
      20       138
      17        37
      15        92
      14        19
      10        73
'TEST0056'
      38
    1000
     195       155
     191         2
     190        81
     187       143
     175        76
     174       182
     166       130
     165       107
     162       175
     161       150
     160       143
     155        74
     153       165
     149        49
     134       101
     127       156
     125       164
     124       104
     116       187
     108       123
     104        58
      97        10
      75        38
      74       182
      70       170
      65       102
      58         6
      52       105
      48       135
      45        77
      41       170
      36        88
      30        13
      28        51
      26        42
      21        60
      19        42
      15       184
'TEST0057'
      37
    1000
     196        82
     195       195
     193        26
     192        18
     189        36
     185        89
     179        65
     177       196
     176       145
     174       203
     167        15
     166       235
     161        30
     156        98
     155       146
     150       101
     138        92
     133       184
     130       178
     108        26
     107        44
     103       128
     102       162
      90       196
      71        89
      70       123
      65        22
      57        78
      55       131
      53        69
      48       121
      41       141
      38       202
      27         5
      24       151
      21       153
      18        25
'TEST0058'
      35
    1000
     190        14
     189        73
     188       206
     181       202
     178        25
     174        19
     167         7
     163        79
     162       134
     160        41
     149       210
     148       131
     144       129
     142       191
     141        79
     137       270
     131        15
     125        31
     116        24
     114        83
     107        22
     105       173
     103        20
      96       155
      85        90
      80       129
      77       173
      73       154
      66       179
      56       145
      54        47
      45       379
      33        29
      28       180
      15       162
'TEST0059'
      35
    1000
     199       248
     193       109
     192        34
     188        45
     187        14
     182        45
     180       173
     178       141
     174       151
     173       198
     159       175
     155       192
     153       135
     151        79
     143       116
     138        24
     137       154
     115        35
     114       183
     105        13
     100        96
      96       138
      87        83
      74       158
      70        56
      59        15
      54       119
      41       279
      40        78
      36        72
      34       257
      28         1
      27       160
      21       108
      11       116
'TEST0060'
      39
    1000
     195       100
     190       162
     189       164
     186        82
     183       128
     176       111
     174       152
     172       112
     167       140
     161       133
     158        68
     154       132
     149        79
     136        46
     134        54
     132       162
     131        59
     130        21
     128       112
     127        73
     109        84
     107       117
     103       140
      93       107
      83        50
      79       120
      77       101
      74       122
      73        16
      67        51
      54        90
      49       133
      44       177
      42        89
      41        62
      35       150
      29       174
      17        86
      16        41
'TEST0061'
      38
    1000
     199        15
     186       193
     185       113
     182        88
     176       103
     166        97
     159        80
     151        21
     148        79
     146        29
     145        38
     140       104
     138       118
     136        89
     135       113
     130       160
     127       138
     103        41
      97       117
      84        37
      80       188
      77        25
      71       119
      67       144
      60       206
      59        18
      57       100
      47       147
      46        68
      40         7
      38       133
      29       302
      28       206
      25       113
      19         5
      18       102
      16       193
      14       151
'TEST0062'
      33
    1000
     186       167
     180       120
     173       168
     169       151
     167        87
     166        42
     161        16
     156       158
     154        83
     137       152
     134       124
     133       193
     131       210
     128        45
     124       189
     122        11
     120        47
     116        38
     115       122
     112       316
     110       188
      97       113
      87        51
      77        56
      70       254
      59        94
      55        49
      53       153
      48       160
      41       132
      29       100
      24       162
      14        49
'TEST0063'
      36
    1000
     196       163
     193       116
     187        57
     183        75
     182       237
     181        48
     175       199
     169        33
     165       166
     160       164
     145        78
     143        75
     141       152
     137         6
     132       174
     119       184
     114        33
     112        52
     111       192
     106       130
      91        10
      86        16
      74        72
      73       135
      69       366
      68       117
      58       183
      52       168
      42        39
      33        18
      28         6
      26       109
      18       188
      15        30
      14       163
      13        46
'TEST0064'
      32
    1000
     198       158
     197         6
     188       126
     186        82
     180        98
     177       189
     171       157
     169       121
     167        59
     161       137
     155        71
     151       159
     134        91
     128       174
     126       151
     122        80
     116        29
     101       266
      98        80
      97       184
      90       111
      87        40
      84        73
      74         7
      72       166
      65       254
      54       170
      52       110
      51       126
      20       183
      19        67
      13       275
'TEST0065'
      39
    1000
     197       141
     179       135
     178       164
     174        56
     173        27
     169       163
     155        23
     153        73
     151        69
     149        53
     148        31
     144        63
     138        35
     135       168
     124        18
     117        72
     113        54
     108         7
     105       117
      94        48
      93       122
      91       148
      85       211
      79        60
      77        68
      75       131
      68       135
      66        18
      65       191
      63       286
      60        61
      53       152
      48       197
      45        27
      44       202
      39       195
      32       121
      25        63
      23        95
'TEST0066'
      39
    1000
     197       185
     183       146
     182        68
     180        29
     178         1
     176       227
     160        78
     158       125
     150        58
     139       128
     138       125
     128        36
     126       102
     125        71
     119       104
     118       224
     106        98
     103       220
      94         5
      91        61
      88       127
      81        64
      79       148
      77       166
      76        36
      67       106
      65        78
      61       114
      59        17
      52        43
      50       216
      41        64
      37        34
      32       227
      31        98
      28        84
      25       104
      23        47
      16       136
'TEST0067'
      39
    1000
     197       278
     195       199
     182        63
     181       175
     176        55
     171       193
     162        34
     157        43
     154        31
     144        12
     142        99
     139        57
     135        43
     134        28
     129       158
     125       113
     103       169
      98        33
      91       115
      86       184
      79       155
      67       145
      65         8
      63       130
      62       159
      58       117
      56       108
      52       181
      50        48
      49        66
      46       106
      41        96
      35        42
      28       140
      25        88
      23       139
      17        43
      14        79
      12        68
'TEST0068'
      36
    1000
     199        92
     192        90
     186       101
     182       114
     181       155
     178        95
     174         5
     170       113
     153        70
     152        72
     139        26
     130        41
     128        48
     120       171
     118       132
     117       103
     116       197
     113       235
     109       175
     106        70
     104        92
     103       167
     101        79
      98       100
      78        31
      62       139
      56       172
      53       158
      50       136
      49        86
      46         3
      43       120
      37       151
      35       106
      17       326
      11        29
'TEST0069'
      33
    1000
     197       139
     191         4
     189        67
     181       207
     178        76
     175       139
     172       219
     168       269
     161        54
     159       194
     149       178
     145       217
     141       110
     139        37
     123        11
     110       119
     107       257
     104        10
      98        30
      96        98
      94        88
      87       201
      85        23
      83       122
      70        20
      65        72
      59        58
      40       122
      36       337
      33        75
      30       104
      29       246
      17        97
'TEST0070'
      37
    1000
     198       148
     196         6
     190       135
     182       102
     179        32
     177        19
     171        82
     165        82
     162        22
     159        43
     146         4
     136       167
     131        14
     123       158
     120        26
     114       142
     110       340
     108        16
     106       183
     103       296
     101       155
      99       148
      93       101
      92        31
      82       183
      77        51
      74       169
      70        39
      69        24
      68       177
      62       129
      43        96
      29       168
      19       177
      18       167
      17         5
      11       163
'TEST0071'
      37
    1000
     198       193
     192       147
     190       104
     186        20
     179       107
     176        97
     170        23
     169       130
     168       161
     157        34
     148       173
     145       238
     141       160
     140       169
     124        51
     122        91
     120       165
     113        55
     107       133
     106        71
      96        65
      93       113
      90       170
      86        30
      83        84
      70        81
      68        87
      65        20
      58        83
      54       173
      45       156
      40        45
      39        36
      36       160
      32       102
      19       179
      11        94
'TEST0072'
      40
    1000
     192        58
     191        63
     189        67
     186        80
     184       112
     181       118
     175       145
     172       155
     167       171
     164        44
     153       107
     152        79
     149       113
     143       184
     139       169
     133        25
     130        71
     123        85
     121        78
     116       152
     110       113
      97        18
      90        45
      89         9
      86       132
      85        17
      75       100
      74       154
      64       162
      63       137
      60       110
      59        70
      56       173
      54       171
      51        22
      50       173
      49       153
      34        44
      26        19
      23       102
'TEST0073'
      39
    1000
     191       324
     181        20
     176       143
     174       113
     173       161
     171        52
     170        23
     160       149
     151        31
     141       123
     133        77
     123       135
     115         7
     109       104
     106        51
     103         7
      97        62
      94        25
      92       149
      85       204
      80       110
      78        20
      76        25
      73       168
      70       145
      61       198
      60       170
      57        46
      48       175
      47        73
      42       185
      37       156
      33       150
      31        45
      28         6
      23       191
      22       103
      18        42
      10        32
'TEST0074'
      39
    1000
     196       161
     188       126
     187       138
     185        21
     181       136
     177        34
     174        67
     171        42
     169        20
     159       177
     155        84
     152       146
     138        28
     135         1
     128        77
     123        73
     121       180
     119        83
     116        53
     112       151
     108       149
      87       182
      84        87
      78       155
      69       132
      67       105
      65        68
      63       179
      62       172
      61       122
      58        92
      38        65
      37       142
      32       138
      30        14
      20       152
      14        67
      11       104
      10        77
'TEST0075'
      39
    1000
     194         2
     192        24
     188        96
     175        68
     173       123
     166       160
     165        85
     162        25
     154       143
     149         4
     144       179
     131        57
     124       165
     119         5
     118       153
     117        17
     112        43
     101        91
      99       149
      83        58
      73       167
      70        66
      69       114
      67       145
      65       154
      62       128
      60       142
      58       146
      50       142
      45        79
      43        67
      42       183
      41       151
      36       129
      32        34
      27        88
      25        85
      21       167
      17       166
'TEST0076'
      36
    1000
     198        52
     194       114
     179        87
     172        88
     158       102
     152       253
     150       168
     149        47
     148        14
     141        34
     139       300
     134        63
     129       149
     127        66
     124       119
     116        37
     113        49
     108       265
     107       195
     106       183
     103        84
      96       222
      94        76
      93        70
      92        47
      90         7
      81        18
      71       112
      57        83
      56        80
      49       199
      41        86
      37       190
      34       163
      31       104
      19        74
'TEST0077'
      36
    1000
     200       379
     198        19
     195       105
     186         4
     181        10
     178       504
     173        51
     168        73
     166        18
     162        78
     161        66
     160        84
     153       166
     146       207
     135        99
     132       147
     130        18
     118       161
     110       201
     103       147
      97        43
      94        45
      88       157
      81        65
      71       148
      70        27
      61       182
      52        24
      49       190
      35        72
      34        25
      33        18
      32        16
      28       205
      24       127
      20       119
'TEST0078'
      37
    1000
     171       161
     151        90
     150       127
     148       116
     147       101
     145        38
     143       280
     142         6
     132        96
     131       119
     126        68
     125        33
     123        81
     120       137
     115       131
     114       165
     113       240
     107        28
      94        66
      90       180
      89       128
      85         9
      83        17
      80        73
      71       170
      69       118
      60       135
      59       152
      48        20
      44        36
      42       101
      39        91
      37       110
      35       166
      24       160
      16       128
      13       123
'TEST0079'
      38
    1000
     198       166
     197       283
     196       102
     189       145
     186       150
     181        16
     175       157
     154       150
     149        20
     130       109
     127        52
     126       178
     124        86
     118       119
     116        26
     111       114
     105       166
     102        48
     101       176
      97        22
      96        19
      95       104
      93        18
      90       178
      89       120
      86        92
      76        51
      62       152
      58        93
      54        52
      46       177
      36        59
      35       162
      32        68
      23       150
      21        60
      18         9
      10       151
'TEST0080'
      34
    1000
     196       116
     177        99
     169       190
     167       129
     164        55
     159       282
     151        99
     149       290
     144       171
     134        13
     130        63
     125       138
     119       184
     110       166
     101        21
      89       146
      82       162
      70         6
      68        35
      61        35
      60        75
      50       283
      49        94
      48       197
      47       136
      46       179
      41       126
      36        71
      34       101
      30       151
      25        72
      17        56
      15        37
      12        22
'TEST0081'
      36
    1000
     194       138
     184       205
     182       200
     181       212
     179        10
     173        32
     170        52
     160        55
     158       169
     156        32
     142       119
     141       188
     135        69
     134       117
     133        25
     132       261
     122        32
     108       212
     103         2
      94       222
      91        64
      85        98
      84        65
      82        69
      79       130
      78       189
      77        33
      76       184
      74         5
      67        99
      53       126
      41       105
      37       152
      26        87
      22       188
      16        54
'TEST0082'
      34
    1000
     200       213
     193         2
     192       195
     191       111
     185        94
     183       220
     181        89
     178       121
     177       186
     156        72
     148        69
     144       321
     139        69
     129        23
     121        23
     120       180
     103       138
     101       163
      85       180
      84       252
      78         1
      65        11
      59        42
      53       138
      47       100
      45       168
      41       120
      40        67
      38       177
      37        70
      30         7
      25       158
      16       102
      11       118
'TEST0083'
      37
    1000
     198       116
     183       222
     166       272
     163        71
     159        61
     157       180
     156       154
     151        74
     147       178
     140       186
     138        16
     131        77
     126       126
     123        67
     121        59
     120       116
     119       154
     118        85
     117        19
     116        62
     112       142
     110        33
     106        69
      85        97
      78       178
      76        77
      75       109
      73         4
      65       166
      62        65
      61        29
      57       180
      21       226
      18        80
      16        70
      11       129
      10        51
'TEST0084'
      40
    1000
     196       128
     194        88
     186        24
     177       165
     169       182
     166         8
     160       121
     155         5
     151        14
     149        95
     147       123
     143        47
     140       124
     138        80
     134        74
     130        46
     127       174
     126       123
     121        71
     109        63
      93        89
      88       175
      85       185
      79       164
      77        83
      66       158
      61       122
      60       119
      56        50
      55       158
      54        93
      46        70
      43       167
      33        90
      30       121
      22       119
      20       152
      17        22
      16        45
      11        63
'TEST0085'
      33
    1000
     188        88
     184       370
     169        29
     163        37
     161       107
     155       214
     154       219
     152       197
     147       220
     146         7
     140         9
     136       127
     129        23
     124       194
     120       218
     115       103
     113        82
     103        72
      94        97
      93       105
      80       155
      77        39
      75       143
      64       121
      37       105
      33        47
      32        62
      28       270
      25        62
      17       203
      14       175
      11        90
      10        10
'TEST0086'
      38
    1000
     199       219
     194       131
     191         2
     189        89
     183        71
     174         1
     165        22
     143       115
     142       230
     138        79
     127        66
     125       229
     123       199
     119        70
     118       116
     116        34
     112       217
     111       107
     108        18
     105        85
     104       109
     100        50
      96        44
      91       160
      90       200
      85        57
      79        66
      76        22
      66       152
      64        97
      35       128
      33       149
      30        99
      29        98
      25        23
      21       188
      19       157
      14       101
'TEST0087'
      36
    1000
     200       157
     193       111
     191        26
     189        60
     182       179
     181       175
     180        14
     173        36
     168       120
     167       213
     164       100
     163        94
     158       110
     155       176
     153        54
     149        74
     145        34
     143       161
     137        92
     120        15
     115       187
     107       180
      96       118
      86         4
      85       118
      79       143
      72       162
      70       145
      69        26
      58        96
      48        75
      44        45
      43       175
      31       296
      24        50
      13       179
'TEST0088'
      34
    1000
     191       157
     189       159
     177        32
     174       139
     172       123
     166       152
     165        36
     148       191
     147       200
     140         9
     127       210
     124        16
     123        81
     117        71
     109       156
     106        58
     105       163
      96        60
      95       196
      93       175
      91        39
      90       114
      83        36
      80       323
      59       154
      57        54
      52       113
      44        17
      37       146
      31        56
      20       207
      19        72
      15       233
      13        52
'TEST0089'
      36
    1000
     199        85
     194       111
     193       169
     187        79
     184        25
     182        95
     180       197
     177       206
     166        89
     163       167
     159       155
     156       356
     153       146
     115        57
     111       209
     103        38
      94        27
      93       101
      89        14
      88        54
      87       133
      86       198
      83        97
      77       164
      74       170
      72       146
      70        79
      68         3
      62        40
      53       197
      49        22
      46        79
      37       246
      34        13
      25        26
      10         7
'TEST0090'
      36
    1000
     200       142
     197        54
     194        85
     188       157
     184       141
     182       162
     170       116
     164       151
     163        46
     159        97
     146       143
     145        23
     144        25
     136       161
     130        53
     127       452
     118         4
     114        82
     111       175
     102        99
      95       153
      85       156
      77        77
      73       160
      72       221
      62        48
      60       135
      53       164
      45       100
      44        98
      41        87
      35        60
      34        58
      24        45
      23         3
      22        67
'TEST0091'
      39
    1000
     193       122
     181        53
     178       176
     171        17
     170        94
     164        70
     140        54
     130        24
     125       136
     124        47
     117       100
     112        85
     109        50
     108       113
     100        81
      93        48
      90       146
      80        98
      74        57
      69       132
      68       147
      65       149
      63        60
      58       132
      56       151
      53        62
      52        86
      51       232
      50       111
      48        95
      43       202
      41        38
      38       180
      33        60
      31        59
      27       125
      26        68
      21       174
      12       166
'TEST0092'
      37
    1000
     194        22
     190        20
     187       138
     185        38
     178       216
     169       393
     168       182
     152       195
     150        64
     148        56
     144        53
     142       150
     137        52
     134       197
     131        78
     124        60
     111        21
     107       165
     105         1
      97        58
      95        35
      94        72
      92        25
      88       223
      87        53
      70       179
      67       173
      62       220
      60       116
      59       168
      58       147
      51        47
      50        38
      28       125
      21       130
      19        29
      15        61
'TEST0093'
      40
    1000
     189        18
     183       217
     182        85
     181        34
     179        82
     176       127
     173       177
     170        46
     163       178
     162       222
     158       152
     157       211
     156        28
     139        43
     134        10
     132        88
     130       135
     129        52
     124       178
     118        40
     100        33
      95        20
      88        20
      82       177
      79       157
      77        11
      62       145
      58       153
      56        39
      55       162
      54       197
      53       173
      44        75
      43        96
      31       145
      21        14
      19       183
      18        37
      17         7
      16        33
'TEST0094'
      38
    1000
     200         1
     198        81
     197       201
     196       207
     195       199
     193        18
     191       129
     188        99
     184       176
     180        74
     174       111
     162        11
     161       216
     149       205
     146        76
     126        70
     107       148
     104        92
      91       184
      89        52
      86         8
      77       132
      65       111
      62       133
      56         5
      50        26
      48       181
      44        57
      40       103
      37       150
      27        16
      26       100
      25       170
      22        30
      21        86
      15       114
      13       144
      10        84
'TEST0095'
      38
    1000
     194       145
     183       101
     177       164
     176        24
     173       129
     160        67
     156       166
     155       145
     148        65
     132       147
     130        27
     127         5
     114        66
     109       291
      97       150
      96       174
      90       125
      89         5
      87        47
      85        54
      84        44
      78       151
      76       129
      72        50
      67        15
      60       121
      59       154
      58       109
      56        31
      39       117
      36       124
      28       178
      25       125
      21       165
      19        99
      14       100
      11       171
      10        20
'TEST0096'
      37
    1000
     191        93
     176       347
     169       128
     164       150
     163        59
     159        96
     157        82
     151        40
     149       126
     146        61
     134        75
     130        19
     129       188
     127        29
     125        55
     120        46
     104        40
      98        92
      96       133
      93        87
      80       144
      74       240
      65        50
      64       127
      61        64
      60       109
      55       158
      54       113
      51       134
      50       105
      49       282
      37       113
      32       183
      26       113
      20        76
      15        14
      12        29
'TEST0097'
      34
    1000
     192       280
     175       243
     147        40
     145       153
     144        92
     137       191
     119       138
     115       194
     111       137
     108        42
     104        56
     101       145
      98       219
      94       210
      91       165
      90        30
      87        36
      85       125
      76        74
      74        62
      71        65
      68        29
      65        48
      55        42
      54       339
      52        15
      50       134
      40        55
      31       104
      25       114
      19       196
      18        89
      16        17
      13       121
'TEST0098'
      38
    1000
     188       163
     185        96
     178       163
     168       355
     165        89
     161        49
     157       204
     142        66
     134       283
     132        64
     120       153
     114        35
     113       130
     112       125
     106        16
      90       144
      88         6
      86        80
      79       143
      71        15
      70        72
      65         3
      64        45
      62       184
      60         2
      54        12
      52        41
      51       195
      50        86
      48       214
      45       158
      41       125
      40        21
      29       110
      21       148
      17        29
      15        90
      11        86
'TEST0099'
      39
    1000
     196        35
     194        91
     191       145
     181       162
     179        61
     174        41
     170       203
     168        26
     167       189
     166       261
     150        67
     140       179
     136       171
     132       194
     128        97
     126        35
     122        73
     117       128
     115        19
     112       203
     111       109
     110        54
      96       189
      92       128
      91        10
      86        11
      84       184
      80        14
      76        18
      69        93
      64       100
      58        40
      49       190
      48       183
      39         6
      33       197
      25        34
      18         3
      12        57
'TEST0100'
      37
    1000
     199       103
     197        84
     191       137
     184       150
     183        25
     179        21
     177       176
     176       252
     172       128
     171       205
     153       117
     151        15
     149       165
     142       168
     136        34
     131       164
     104       143
     101       100
      97        66
      88       164
      76        30
      73         2
      72       149
      70       155
      58       176
      45        43
      44        28
      40        32
      37        54
      36        87
      33       171
      31        94
      30       162
      29       172
      25        27
      24       173
      15        28
