'TEST0001'
      40
    1000
     757        12
     750         4
     733        20
     660         4
     648         3
     625        19
     601        10
     576         2
     566        16
     560         4
     545         8
     529        12
     519         3
     488         3
     486         8
     443         1
     429         2
     418        19
     407        20
     404        16
     393        18
     390         1
     379        10
     346         3
     341         8
     308        20
     286        14
     277        19
     272        17
     239         1
     236         8
     234        20
     233        10
     225         3
     213         7
     185         2
     152         6
     147        18
     111        10
      22        19
'TEST0002'
      39
    1000
     798         9
     793        11
     792        21
     784         2
     779        13
     776         8
     761         4
     741         8
     736        15
     729         4
     711        14
     705         4
     674        17
     653        13
     647         7
     626         3
     564        10
     558         4
     555        18
     548         2
     538        15
     516         2
     473        21
     465         9
     419        15
     382         2
     379        17
     313         9
     254        16
     244         2
     235         6
     189         9
     114         7
     113         7
      85        13
      66        17
      35        14
      31        25
      24         7
'TEST0003'
      40
    1000
     787        14
     762         3
     751         6
     711         2
     708         7
     702        15
     638        10
     610        13
     603         4
     576         9
     564        16
     561        14
     548         7
     490         2
     481         5
     476        16
     468        10
     448        14
     394        16
     363         1
     354        12
     345        13
     332        14
     318        16
     312         9
     241        16
     238         6
     232         1
     182        15
     172        13
     165         9
     160        11
     156        10
     139         9
     130        16
      94        13
      38        13
      31         6
      29         9
      13         5
'TEST0004'
      38
    1000
     788        14
     754        11
     716         9
     659        11
     654        12
     652        12
     618        17
     605         8
     578        13
     512        14
     499        10
     489        18
     474        15
     429        15
     373        12
     360         9
     358        12
     346        16
     343        14
     330         6
     314         7
     301         1
     299        11
     258        16
     252        12
     241        12
     237         9
     214         3
     198        11
     163         2
     157         9
     156         8
     109         7
      65        14
      60         4
      42         8
      31        14
      12         4
'TEST0005'
      40
    1000
     751        11
     741        17
     730        16
     710         2
     684        21
     678         4
     672        13
     634         7
     597        21
     571        19
     552        19
     545        16
     525         6
     520         1
     508        11
     495        14
     462         9
     452        14
     435         7
     388        19
     339         2
     275         4
     271         7
     263         4
     220         7
     211        10
     192         9
     176         7
     160         4
     158         4
     149         6
     144        18
     114         5
     103        14
      97         1
      93        18
      78         6
      56        16
      54         3
      50         8
'TEST0006'
      40
    1000
     778        18
     776        10
     770        12
     723         6
     718        19
     687         6
     679        17
     678         8
     670        10
     638        11
     596        11
     580         2
     515         8
     489         7
     475        14
     473         3
     469        13
     433         9
     430        11
     387         2
     313         4
     299         9
     297        14
     296        13
     251        11
     247        20
     217        13
     206         1
     201         9
     188        17
     187        13
     156        13
     143         2
     130        18
      93         2
      89         4
      81        10
      78        14
      77         7
      46         9
'TEST0007'
      40
    1000
     800        11
     794         4
     785         5
     730         6
     689        17
     684         9
     665        13
     650         3
     628         3
     623         2
     611         8
     598        14
     565        15
     499        15
     495        17
     457         7
     450         5
     431        18
     429        10
     424         4
     422         6
     418        14
     371         2
     370        17
     335         4
     298         9
     269        15
     214         2
     210        10
     201        18
     187         3
     155         7
     134        15
     120        16
      93        11
      83        18
      62        14
      21         8
      16        18
      13         7
'TEST0008'
      39
    1000
     750         7
     748        11
     742        13
     720        10
     715         2
     689         9
     667        13
     638        13
     616        16
     598         8
     593         3
     592        12
     577         5
     574        18
     542        16
     540         8
     517         2
     506        25
     428         3
     427         4
     425        11
     384         7
     356         5
     336         7
     318         2
     299        15
     291        11
     283        15
     276         3
     254        14
     234        15
     226        12
     214        14
     188        13
     187         1
     153        17
     144        15
      91         6
      40        19
'TEST0009'
      40
    1000
     787         1
     766         8
     760        14
     743         5
     738        15
     724         9
     718        16
     665        11
     658         6
     655        10
     594        12
     587        15
     575         6
     570         5
     544        15
     538        11
     501        16
     493         2
     483         5
     466         3
     422        14
     417        16
     403         5
     387        13
     375         4
     353        17
     326         9
     309         9
     279         6
     198         2
     177        16
     175        17
     156         6
     154        16
     149        14
     140        12
      99        11
      95         6
      93        13
      11         9
'TEST0010'
      39
    1000
     787         6
     716        15
     715        13
     704         2
     650        16
     639         2
     625         6
     585        12
     553        17
     533         9
     520        15
     514        16
     511        12
     508        13
     486         5
     483        15
     426         1
     420        13
     411        10
     410        18
     367         8
     360         4
     359         2
     348        18
     320        16
     309         2
     300        13
     290         1
     275        12
     252        14
     212        16
     182        17
     161        16
     155         8
     137         1
     134         8
     126        10
     104         8
      52        10
'TEST0011'
      37
    1000
     774        14
     769         3
     756        14
     737         8
     680        18
     678        12
     639        11
     637        17
     620        14
     589         6
     576        18
     566        12
     539         5
     486        15
     484         3
     449        16
     425        16
     376        15
     276         6
     247         1
     244         2
     234         8
     230        10
     204         7
     180         3
     170         2
     157        17
     142         7
     121        10
     100        18
      92        22
      82        12
      68        17
      48        17
      33        16
      27         3
      16         5
'TEST0012'
      36
    1000
     772         2
     757         7
     742        26
     710         4
     677        21
     665        21
     572        21
     549        22
     546        14
     535         8
     498        22
     490         1
     487         9
     413         5
     376        10
     374        17
     351         6
     342        15
     304        21
     301         1
     278        12
     248         1
     242         7
     232         7
     227        20
     210        20
     166        19
     135         7
     123        19
     118         5
     116         3
      98        14
      60         1
      37         6
      22         3
      13         3
'TEST0013'
      39
    1000
     799         4
     770        18
     736         7
     735        10
     689         3
     655         4
     649        20
     639        21
     620         4
     607        16
     589         7
     578         6
     561        16
     544         7
     516        15
     503        11
     439         2
     430         2
     420        15
     416         8
     347         5
     339         7
     306        15
     254         9
     252        19
     243         8
     224        12
     215        10
     196         7
     173        12
     168        16
     164         1
     160         2
     146        19
     137        16
     121        17
      78        15
      75        11
      15         3
'TEST0014'
      40
    1000
     780        18
     721         9
     674        15
     646        14
     639        12
     603         2
     560        13
     559         8
     514         4
     450         7
     445         8
     440         4
     417         1
     410        12
     393         2
     336        13
     325         5
     298        12
     294        16
     286         1
     256        10
     251         4
     246         1
     217        14
     211        13
     208        17
     202        16
     188        17
     173         9
     143        15
     127        13
     116         4
      91        12
      87        14
      84        16
      79         5
      76        18
      68         1
      54         8
      42        17
'TEST0015'
      39
    1000
     799         3
     778         8
     663        15
     649        17
     645        14
     634         3
     568        12
     495         5
     480         9
     474        17
     451        13
     443        16
     439         3
     438         4
     432         9
     430        10
     429         2
     428         8
     408         6
     394         2
     392         2
     376        18
     366         4
     358         7
     347        10
     320        13
     303        11
     287         2
     270        17
     268        22
     207        38
     206         4
     195         8
     189         5
     175        15
     172         9
     117        17
      99        18
      16         4
'TEST0016'
      39
    1000
     786        16
     754         6
     735        12
     732        13
     704        11
     693        12
     678         2
     660        19
     649         6
     637        18
     633        14
     598         2
     592        13
     588         6
     551        11
     546        18
     497        16
     494        14
     465        20
     428        11
     414        15
     394         7
     390        14
     378        13
     365        12
     336         2
     231        14
     220        15
     209        13
     137        13
     135         2
     118         3
     114         3
     113        16
      78         3
      67         4
      38         3
      36         7
      14         1
'TEST0017'
      40
    1000
     800        18
     747        10
     714        21
     707         9
     702         8
     693         3
     660         5
     648        11
     643         9
     638        10
     630         3
     629        19
     564        17
     528         8
     444         7
     409         5
     405         6
     382         4
     379        21
     375        16
     354        19
     345         3
     326        12
     320        13
     318         6
     265         7
     209         3
     195         4
     180         5
     160         2
     158        16
     149        21
     118         4
      79        17
      72        18
      65         3
      58        11
      42         8
      29        16
      23         2
'TEST0018'
      38
    1000
     773        13
     760         2
     699        10
     671        14
     660        15
     593         2
     589         1
     588         4
     572        16
     567        10
     557         8
     490        16
     487        12
     471         2
     463        36
     442         6
     440        10
     433        11
     428        10
     413         4
     395        17
     362        10
     330        16
     322        16
     314        16
     306         2
     302        13
     277        14
     267        12
     254        11
     249        12
     244         3
     190         6
     182         8
     181        17
     105        11
     103        12
      80         2
'TEST0019'
      37
    1000
     777        17
     775        27
     762        15
     722        15
     721        13
     718        11
     708        14
     682        12
     670         9
     569        11
     544        12
     508         3
     507        16
     482        17
     467        12
     461         3
     455        10
     426        13
     420        17
     419        14
     417         7
     414         9
     359        13
     340         6
     330        16
     314        17
     295         2
     257         3
     226        17
     182        14
     176         5
     147         1
     131        16
     102         1
      69         5
      30         4
      12         3
'TEST0020'
      40
    1000
     798        13
     732         7
     702        13
     682        11
     676        10
     671        18
     666        16
     658         7
     657         5
     578         2
     539        14
     522        16
     516        10
     483         9
     477        14
     469        12
     461        10
     455         3
     449        15
     438         6
     420        12
     402        12
     398         1
     389         6
     372        10
     360        10
     323        11
     264        16
     257        16
     255         7
     245         4
     175        10
     159        10
     156         7
     137        12
     125         5
     116         1
     104         8
      61        15
      32        16
'TEST0021'
      39
    1000
     790         4
     698        13
     696         4
     692         9
     691         2
     688         6
     678         2
     652         8
     593         8
     584         4
     559        16
     541        13
     529        14
     470         9
     462        20
     455        11
     401        18
     358        18
     327        10
     316        18
     300        15
     291         5
     283        17
     280         9
     261         2
     209        20
     200         6
     198        11
     184        13
     172         6
     166        10
     163        16
     126        18
     111        12
     102         9
      88         3
      81         6
      56         1
      48        14
'TEST0022'
      37
    1000
     797        12
     790        16
     762         5
     759        15
     757        14
     725        11
     695        14
     668        15
     661         1
     655        21
     644         7
     627        17
     563        11
     541        10
     536         3
     522         6
     507        24
     505         5
     490         2
     457        16
     445        16
     430        13
     396         1
     391         5
     371        11
     364         4
     360        17
     311        12
     303        16
     269        16
     163        13
     122         6
     115         7
     110        12
     105        17
      50         1
      49         8
'TEST0023'
      40
    1000
     786        18
     746         7
     727         2
     711         1
     678        21
     662         1
     656         1
     638        17
     623        10
     597        19
     594        20
     568        12
     532        11
     524        13
     470         5
     435        17
     431         6
     366        15
     338         9
     326         1
     320         5
     317        16
     297         3
     255         3
     232        14
     230         8
     200         8
     198        11
     196         4
     190        13
     153         6
     150        13
     112        17
      77         5
      71        18
      54        18
      39         7
      22        12
      18         1
      12        12
'TEST0024'
      39
    1000
     794        18
     767        11
     763         6
     755        13
     749        16
     704         2
     703         1
     688        17
     666        14
     653         7
     612         3
     607        11
     590        15
     580        11
     569        13
     555         5
     554         4
     507         8
     491         2
     464         2
     420         9
     355        33
     334        18
     268         1
     259        13
     234         3
     226        15
     207        10
     190        13
     181        12
     156        10
     150         5
     145        11
     133        15
     108         5
      91         2
      85        17
      46        16
      24        13
'TEST0025'
      37
    1000
     745        26
     722         5
     717        18
     714         1
     701         7
     698        14
     695        13
     694        12
     673         3
     659         2
     578        16
     567        11
     566         7
     549         8
     544        10
     517        10
     469        17
     453         2
     429        18
     406        21
     397        21
     384         4
     370        19
     360        11
     353        15
     333        17
     323         9
     314        12
     233        16
     199         9
     164         4
     131         2
     105         4
     103         4
      80         1
      73        17
      20        14
'TEST0026'
      39
    1000
     749         1
     744        16
     741        10
     739        13
     713        19
     684        18
     682        14
     680         2
     679         9
     674         3
     667         8
     611         9
     595        21
     577         8
     574         9
     565        21
     564         6
     549         4
     529         1
     521         2
     510         3
     503         6
     482        16
     481         1
     473        15
     456        20
     433        11
     428         5
     395        12
     376        12
     294        18
     252        13
     251        15
     144        15
     132        13
      90         2
      85        19
      60         4
      44         6
'TEST0027'
      38
    1000
     789        18
     766         9
     764         9
     754        14
     716         2
     669        12
     648        12
     625        18
     550         1
     534         6
     498         2
     490        16
     467        17
     461         2
     450        11
     447         6
     444         6
     439        13
     404        15
     388        12
     370         1
     358        13
     355        17
     326         8
     324         8
     301        17
     298         6
     287         6
     223        10
     222        12
     182        15
     177        12
     153        14
     147        14
     125         3
      97        16
      93        16
      62        11
'TEST0028'
      38
    1000
     790         2
     740        11
     735        13
     714        13
     701         6
     687         7
     666         1
     608        12
     584         4
     526         2
     515        20
     501        10
     466         3
     464        13
     462         1
     440         9
     429        19
     357        18
     327         6
     324         6
     312         9
     298         9
     291         6
     280         4
     261         1
     250        18
     238        12
     229        17
     216        19
     206        20
     199         2
     197         3
     192        37
     162        11
     161        15
     108        19
     106        18
      88         4
'TEST0029'
      38
    1000
     780        19
     779        15
     738         5
     706         8
     705        11
     703        11
     676        12
     672        10
     557         7
     556         8
     547         7
     543        10
     537        20
     529        19
     528        19
     524         9
     514        13
     472        13
     463         8
     419        16
     402         1
     377        14
     374         7
     351         1
     323         3
     317        10
     307        14
     305         4
     272         5
     261        14
     214        11
     172        18
     160        19
     108        16
      63         5
      53         3
      18        10
      12         5
'TEST0030'
      39
    1000
     772         3
     764         2
     703        26
     693         4
     618         1
     614         9
     611        15
     589         9
     564        11
     560         4
     543        14
     540        16
     534        10
     525         4
     492        10
     456        15
     400         1
     398         4
     397         8
     394        13
     357         5
     343         1
     342        18
     330        18
     329        15
     328        16
     327        14
     317        11
     307        14
     301         7
     276        11
     230        18
     149        14
     123        15
      88        16
      82         3
      74         6
      55         9
      16        10
'TEST0031'
      36
    1000
     733         9
     723        18
     678         9
     676         3
     669        15
     649        13
     643         1
     610         4
     572         8
     547        15
     546        17
     521         6
     493        14
     472         3
     451         7
     439         5
     389        18
     382         4
     373        19
     364        12
     346         4
     290        17
     257        20
     240        25
     203        10
     202        13
     188         3
     184         5
     183         2
     171        16
     157        15
     152         7
      89        19
      51        18
      46         5
      40        21
'TEST0032'
      40
    1000
     772        11
     761         8
     748        13
     729        18
     706        18
     689        18
     623        12
     595         3
     569         8
     565         4
     551         4
     547        13
     530        13
     527         1
     526        17
     522        11
     486         2
     480        11
     441        13
     438        14
     436        16
     429         4
     427        11
     393        10
     380         2
     349        11
     343         1
     339        11
     298         1
     283         7
     256        15
     163        12
     139        13
     122        16
     101        15
      68        16
      66        17
      29         2
      16         8
      10         1
'TEST0033'
      39
    1000
     791        14
     757        17
     753        14
     751        11
     699         6
     692        10
     681         1
     674        13
     653        23
     631         5
     627        11
     624        11
     604        14
     591         9
     590        16
     529        15
     475         1
     466         8
     450        14
     425        17
     402         1
     392        18
     381         2
     360        16
     260        14
     246         7
     220        13
     216         9
     175         8
     167         4
     133        15
     105         9
      79        15
      65        10
      64         8
      59         4
      46        13
      34         6
      23         1
'TEST0034'
      39
    1000
     797        11
     764        25
     720        18
     706        18
     700         1
     661        18
     647        15
     638        10
     595         5
     583        14
     580        16
     525         4
     514         7
     486        17
     458         1
     453         3
     451        10
     442        10
     428        11
     427         4
     410        10
     358        10
     351         9
     324         9
     303        17
     282         1
     266        12
     256         6
     242        15
     217         4
     189        12
     188         6
     148        17
     121        14
     107         4
     100        11
      99        10
      95        17
      16         1
'TEST0035'
      39
    1000
     772         6
     769        14
     738        16
     719         8
     712        16
     710        12
     705        12
     685         1
     667        13
     664        12
     656         3
     628        15
     615        11
     600         8
     598        15
     565         3
     542         5
     541        16
     536         7
     518         1
     501        12
     480        10
     465        12
     464         9
     419         5
     361         7
     244        31
     237        12
     144        15
     125        17
     122         7
     120         2
     118         5
     117        18
      77         3
      76         5
      58        17
      45        17
      17         2
'TEST0036'
      39
    1000
     788         1
     781         6
     761        16
     758        13
     754        12
     721         1
     680        12
     671        19
     670         5
     653        19
     640         2
     624         1
     619        10
     536         3
     530        12
     485        15
     433        19
     424         8
     414        10
     392         6
     357        14
     346        15
     344        14
     339        13
     337        13
     290        17
     278         6
     277        19
     252        14
     206         7
     189         4
     185         7
     184        15
     183        15
     173         3
      90         3
      67         6
      56        18
      33         7
'TEST0037'
      40
    1000
     764        15
     762        14
     758        14
     742        20
     740         2
     737         1
     724         6
     720        10
     695         2
     694         9
     673        13
     655         8
     567         7
     560        11
     538        11
     529        15
     499        18
     497        10
     493         3
     450        12
     388        19
     387        15
     386         1
     382        18
     379         2
     350         6
     312         8
     262         2
     220        11
     192         9
     187        10
     161        17
     158         7
     125        19
      90         2
      87         2
      62         4
      58        17
      51        10
      28        20
'TEST0038'
      36
    1000
     745        34
     741        11
     726        20
     705         7
     682         7
     629         1
     626         3
     618         3
     616        17
     588        10
     553         5
     539        17
     535        11
     530        24
     489        14
     476         1
     446         7
     443        10
     442        10
     414        18
     392        18
     384         1
     374         5
     353         2
     341         7
     334        19
     328         2
     296        13
     292        16
     282         7
     257         3
     196        18
     168         9
     138        16
     128        17
      81        17
'TEST0039'
      39
    1000
     769         8
     762        18
     667        17
     639        19
     626        10
     623         8
     589         1
     578        13
     564         9
     563        18
     557        10
     540        11
     530        18
     523         5
     521         4
     512        16
     508        18
     493         3
     489        15
     470        13
     462         7
     460        20
     426        19
     363         7
     354        15
     348         1
     289         9
     282         4
     252         3
     232         3
     211         6
     174        10
     166        18
     148         9
     144        11
      98         8
      89         4
      30         2
      18        10
'TEST0040'
      40
    1000
     791        10
     789        11
     788        18
     786         3
     763        18
     756         2
     739         5
     698        18
     679        13
     668         7
     620        17
     571         6
     546         6
     538        15
     490        12
     469         6
     442        17
     432         7
     414         7
     364         9
     352        16
     331        16
     330        13
     314         1
     310         1
     267         9
     235        14
     224        17
     201         2
     199        10
     185         7
     180        13
     154         2
     153        10
     128        11
     121        15
      99         9
      72         4
      33         8
      14        15
'TEST0041'
      40
    1000
     770         7
     763         1
     758        10
     684        10
     636         2
     588        14
     586        18
     580        17
     567         7
     554         4
     549        12
     536        15
     531        13
     524        14
     521         4
     517        15
     487        17
     483         3
     476        14
     450         5
     418         1
     391         5
     376         4
     325        10
     313        12
     295        22
     280        11
     249         5
     227         2
     223         1
     220        14
     201        13
     175         4
     155        18
     153        20
      83         5
      82         7
      36        20
      31        14
      10        10
'TEST0042'
      38
    1000
     795         5
     786         2
     771        11
     762         1
     732        13
     718        16
     704        10
     680         8
     670         6
     567        16
     544        12
     534         4
     532        11
     504        12
     499         1
     457        17
     453        12
     446        15
     416         6
     402         1
     322        17
     314        17
     285         1
     284        12
     282        12
     278         9
     267         3
     234        18
     214        15
     185        16
     180         9
     156         3
     140        31
      94        12
      75         2
      70        27
      64         9
      62         8
'TEST0043'
      39
    1000
     768        14
     697         6
     695        10
     694        16
     691         2
     678         9
     670        17
     649        16
     624        18
     620        15
     616        12
     571         7
     524         6
     514         8
     466         8
     429         5
     389         6
     380        14
     377        16
     363         9
     331         1
     310        18
     307         3
     291         7
     272         1
     253        20
     249        11
     240        13
     231         6
     203         5
     168        19
     158         8
     141        21
     120        10
      75         5
      58        17
      35         4
      31         6
      18        11
'TEST0044'
      39
    1000
     782         4
     774        14
     770         8
     742         5
     723        15
     717        12
     692         8
     687        14
     646        14
     638        17
     633        13
     621        11
     618        15
     565         1
     543         9
     542        13
     538        12
     511        10
     500         3
     462        11
     454         4
     355         2
     353        12
     351        11
     326         3
     291        11
     272        25
     229         1
     227         4
     226        17
     177         4
     157        12
     151         7
     136        14
     126         9
     111        15
     100         9
      49        16
      10        15
'TEST0045'
      38
    1000
     786        15
     777        12
     769        17
     729        14
     725        17
     706         3
     695        13
     670         1
     635        17
     631        18
     589         5
     573         1
     572         2
     547        12
     484         9
     478        11
     471        11
     422         2
     420        18
     403        15
     397        29
     384         6
     381         8
     330         9
     320        14
     299        16
     268        15
     246         3
     239        12
     238         4
     233         9
     228         4
     155        15
     139         2
     123        12
     114         3
      93        14
      91        12
'TEST0046'
      39
    1000
     716         8
     679         5
     674        15
     649         3
     641         2
     635         3
     597        19
     592         2
     562         1
     537        10
     493        18
     480        12
     469         4
     438        23
     428        10
     404        15
     396         1
     372         7
     369         9
     352        21
     348        10
     311         5
     309         2
     293         9
     249        11
     244        18
     242         6
     223         7
     181        20
     173        10
     138        18
     132         4
     125        19
     123         9
     122        13
      91        22
      63         6
      54        17
      16         6
'TEST0047'
      40
    1000
     787        19
     768         5
     765        12
     727         5
     721        16
     695         7
     679         3
     662        17
     648         6
     634        12
     623         1
     559         6
     552        18
     546        14
     542        18
     531         1
     514        17
     509        19
     477         8
     459        17
     431         5
     412         2
     405         7
     340        19
     289         5
     280        13
     258         4
     246        14
     168        11
     158         5
     141        11
     125         1
     120        16
     118         6
     104        17
      98         4
      85        14
      77         5
      46         3
      37        17
'TEST0048'
      37
    1000
     792        16
     784        13
     762        10
     757        20
     750        14
     731        16
     705        18
     703        17
     692        16
     647        11
     640        11
     622        19
     609         3
     603         9
     546        13
     545         6
     511        15
     507         1
     480        17
     456        15
     446        14
     443         3
     413         4
     324        22
     290         8
     272         1
     210        11
     181         2
     164         9
     163        14
     154        13
     139         3
      90        16
      87         2
      66         4
      49         9
      26         5
'TEST0049'
      38
    1000
     799        14
     788         7
     737        16
     731        14
     683        11
     675         1
     663        13
     643         4
     553        14
     548         8
     519        16
     517        15
     505        12
     479        13
     461         1
     396        14
     384         7
     381        11
     362        10
     353        13
     345         6
     337         8
     290        16
     274        12
     271        10
     266        23
     255         1
     223        11
     189         9
     184        16
     157         1
     135        16
     128        13
     100        16
      82        13
      80         4
      69         6
      56         5
'TEST0050'
      39
    1000
     800        14
     783         3
     772         6
     762        14
     724         9
     711        17
     708        14
     696        17
     688        12
     646        16
     600        15
     583        15
     555         8
     533         5
     511        22
     445        15
     431        15
     430        12
     425        13
     416        10
     336        14
     334         1
     319         3
     287         8
     280         2
     278         2
     267         6
     260         6
     247         1
     232         9
     231        12
     197         8
     119        16
     108        17
     105        10
      96        17
      87         3
      72         1
      57        12
'TEST0051'
      39
    1000
     745        17
     731         5
     722        19
     706         3
     704        15
     698         9
     689         1
     657        13
     653        11
     629         3
     609        18
     607         1
     597        13
     556        13
     538         5
     528         2
     476         3
     455        19
     406        18
     395        16
     366        16
     343         4
     318         6
     311        18
     284         8
     249         1
     216         2
     212         4
     183        19
     158         8
     128        11
     117        15
      88        17
      86         2
      85        15
      54         7
      28        11
      23         6
      22        26
'TEST0052'
      39
    1000
     778         4
     773        13
     763         3
     740        15
     736        12
     735        14
     732        16
     720        19
     716        11
     688         8
     659        12
     654         8
     601        12
     565        18
     557        14
     550        10
     502        20
     492        14
     491         5
     490        16
     464        11
     458        18
     384        14
     377        12
     374         1
     331        18
     303        20
     296         1
     285        19
     222         2
     219        12
     214         1
     210         1
     184         3
     157        11
     155         4
     101         1
      81         5
      12         2
'TEST0053'
      40
    1000
     800         9
     789        14
     784         5
     763         2
     750         4
     735         8
     671         7
     665        10
     642        16
     611         5
     575        16
     568        16
     517        16
     481         6
     465         8
     435         5
     420         3
     401        10
     388        17
     354        16
     288        15
     266         8
     262        11
     260         4
     255        17
     242        11
     241        11
     240         5
     227        18
     205        12
     200         5
     195         7
     192        16
     191         6
     164         8
     152        10
     102         3
      87        18
      69        18
      24         4
'TEST0054'
      39
    1000
     799        21
     790         8
     786         9
     781        12
     766         4
     765         2
     759         4
     740        15
     697        15
     672        11
     659         6
     645        15
     640         7
     632        14
     630         3
     589        13
     541        15
     468        13
     425         6
     417        14
     400         3
     358         2
     352        17
     341        13
     333         8
     308        13
     307         2
     268        15
     230         1
     209        14
     194        15
     159         1
     142        15
     139        17
     109        15
     105         5
      99        21
      82        10
      79         6
'TEST0055'
      40
    1000
     776         2
     772        13
     765         8
     762        12
     743        12
     731        14
     723        16
     719        19
     716        18
     690        17
     667        16
     652        10
     637        19
     634        11
     616        13
     590        12
     536         8
     489        18
     486        13
     470         2
     468         1
     467        11
     420        13
     380        15
     378         5
     368         7
     327         7
     303         7
     264         2
     263         7
     181         6
     137         1
      97        14
      93         4
      76        15
      55        14
      41         4
      34         9
      27         2
      13         3
'TEST0056'
      39
    1000
     777        16
     761         1
     758         8
     745         8
     744         6
     697         8
     689        18
     659        13
     653        11
     642        18
     635        15
     634        14
     614         7
     603        17
     588         5
     527        10
     495        16
     486        16
     484        10
     450        19
     418        12
     399         6
     374         1
     279         4
     276        18
     260        17
     238        10
     210         1
     187        10
     168        13
     155         8
     142        17
     121         9
      92         1
      87         5
      79         4
      59         6
      48         4
      33        18
'TEST0057'
      38
    1000
     782         8
     778        19
     767         3
     765         2
     753         4
     735         9
     713         6
     704        20
     698        15
     691        20
     662         1
     657        24
     636         3
     617        10
     611        15
     592        10
     543         9
     520        18
     506        18
     417         3
     413         4
     397        13
     393        12
     391         4
     345        20
     265         9
     259        12
     239         2
     204         8
     197        13
     189         7
     170        12
     140        14
     127        20
      84         1
      68        15
      56        15
      45         2
'TEST0058'
      39
    1000
     757         1
     754         7
     750        21
     719        20
     706         2
     691         2
     663         1
     646         8
     641        13
     635         4
     588        21
     583        13
     568        13
     557        19
     554         8
     538        14
     536        13
     513         1
     486         3
     451         2
     444         8
     412         2
     404        17
     397         2
     367        16
     324         9
     301         7
     300         6
     291         8
     287         9
     273        15
     243        18
     203        15
     195         5
     156        18
     155        20
     105         3
      86        18
      30        18
'TEST0059'
      40
    1000
     795        19
     793         5
     771        11
     765         3
     747         5
     744         1
     725         4
     715        17
     708        14
     692        15
     689        13
     688         7
     630        18
     614        19
     605         4
     604         9
     596         8
     564        12
     542         2
     536        15
     445         3
     444        18
     405         1
     384        10
     367        14
     331         8
     278        16
     258         6
     216         2
     194        12
     139        13
     138        15
     134         8
     120         7
     111         6
     110        19
      88         1
      81        16
      56        11
      18        13
'TEST0060'
      40
    1000
     778        10
     758         7
     755        10
     754        16
     741         8
     726        13
     700        11
     689        15
     684        11
     662        14
     638        13
     625         7
     608        13
     587         8
     535         5
     525         5
     517        16
     511         6
     510         2
     499        11
     497         7
     423         8
     415        12
     396        14
     354        11
     315         5
     298        12
     287        10
     278        12
     274         2
     248         5
     193         9
     174        13
     154        18
     144         9
     139         6
     114        15
      90        17
      41         9
      35         5
'TEST0061'
      38
    1000
     793         1
     741        19
     734        11
     724         9
     698        10
     659        10
     627         8
     595         2
     582         8
     574         3
     569         4
     548        10
     541        12
     535         9
     529        11
     507        16
     495        13
     396         4
     373        12
     318         4
     301        19
     291         2
     266        12
     246        14
     219        21
     216         2
     206        10
     164        15
     160         7
     135         1
     127        13
      92        30
      85        21
      75        11
      47         1
      45        10
      36        19
      28        16
'TEST0062'
      38
    1000
     741        17
     716        12
     688        17
     671        15
     663         9
     659         4
     636         2
     615        16
     607         8
     539        15
     527        12
     522        19
     511        21
     500         5
     485        19
     476         1
     469         2
     467         3
     449         4
     448        12
     434        14
     433        18
     427        19
     370        11
     332         5
     291         6
     262         4
     261        22
     216         9
     196         5
     189         3
     188        12
     170        16
     142         6
     140         7
      88        10
      71        16
      29         4
'TEST0063'
      40
    1000
     781        16
     771        12
     743         6
     730         7
     724        10
     723        14
     719         5
     693        20
     672         3
     653        17
     632        16
     571         8
     561         8
     555        15
     536         1
     519        17
     462        18
     442         3
     436         5
     428        19
     411        13
     347         1
     326         2
     277         7
     273        13
     256        17
     255        20
     253        12
     211        18
     186         6
     184        10
     144         4
     107         2
      85         1
      79         4
      77         7
      44        19
      33         3
      29        16
      22         5
'TEST0064'
      37
    1000
     791        16
     784         1
     748        13
     742         8
     714        10
     705        19
     678        16
     670        12
     661         6
     636        14
     611         7
     597        16
     524         9
     501        17
     493         8
     492         7
     476         8
     452         3
     390        26
     374         8
     372        18
     344        11
     329         4
     317         7
     278         1
     269         3
     267        13
     239        19
     238         7
     193         3
     192        14
     184        11
     182        13
      52        19
      47         7
      26        12
      24        14
'TEST0065'
      40
    1000
     784        14
     712        14
     709        16
     690         6
     688         3
     671        16
     612         2
     602         7
     594         7
     585         5
     582         3
     568         6
     541         4
     527        17
     483         2
     455         7
     439         5
     416         1
     404        12
     359         5
     357        12
     348        15
     323        21
     296         6
     290         7
     282        13
     250        14
     242         2
     239        19
     232         9
     229        20
     220         6
     189        15
     168        20
     157         3
     151        20
     131        20
     104        12
      74         6
      66         8
'TEST0066'
      40
    1000
     787        18
     726        15
     725         7
     715         3
     708         1
     701        23
     633         4
     632         4
     624        12
     593         6
     548        13
     541        12
     502         4
     494        10
     490         7
     461        10
     460        22
     411        10
     397        22
     358         1
     348         6
     333        13
     306         6
     296        15
     290        17
     284         4
     247        11
     239         8
     221        11
     212         2
     187         4
     177        22
     138         6
     123         3
     102        23
      98        10
      86         8
      73        10
      64         5
      35        12
'TEST0067'
      40
    1000
     786        10
     785        18
     780        20
     724         6
     721        17
     700         5
     678        19
     640         3
     620         4
     609         3
     565         1
     557        10
     546         6
     531         4
     524         3
     506        16
     488        11
     396        17
     377         3
     345        11
     326        18
     299        16
     249        14
     238         1
     230        13
     225        16
     211        12
     200        11
     185        18
     178         5
     171         7
     159        11
     141        10
     113         4
      84        14
      76         9
      66        14
      40         4
      28         8
      19         8
'TEST0068'
      39
    1000
     795         9
     764         9
     740        10
     726        11
     720        10
     718         5
     705         9
     691         1
     675        11
     605         7
     598         7
     545         3
     510         4
     502         5
     467        17
     458        13
     455        10
     452        20
     439        12
     437        11
     422        17
     407         7
     399         9
     395        17
     387         8
     375        10
     293         3
     227        14
     200        17
     188        16
     175        14
     173         9
     162         1
     149        12
     123        15
     116        11
      41        18
      39        15
      14         3
'TEST0069'
      36
    1000
     784        14
     761         1
     753         7
     721        21
     709         8
     695        14
     684        22
     665        27
     638         5
     629        11
     628         8
     588        18
     571        22
     553        11
     547         4
     480         1
     425        12
     414        14
     412        12
     400         2
     374         3
     367        10
     358         9
     332        20
     320         2
     314        12
     259         2
     241         7
     215         6
     137        12
     121        14
     118        20
     108         8
      95        10
      90        25
      39         6
'TEST0070'
      39
    1000
     792        15
     780         1
     755        13
     723        10
     710         3
     705         2
     678         8
     654         8
     642         2
     629         4
     576         1
     531        17
     515         1
     480        16
     468         3
     444        14
     426        18
     424        16
     415         2
     411        18
     396        30
     389        15
     378        15
     353        10
     350         3
     312        18
     290         5
     276        17
     261         4
     255         2
     252        18
     225        13
     150        10
      92        17
      50        14
      47         4
      44        17
      43         1
      14        15
'TEST0071'
      40
    1000
     788        19
     766        15
     756        10
     739         2
     713        11
     700        10
     674         2
     670        13
     667         7
     665         9
     622         3
     584        17
     571         8
     569        16
     553        16
     549        17
     484         5
     477         9
     465        17
     439         6
     413        13
     408         7
     370         6
     355        11
     345         7
     342        10
     325         3
     313         8
     258         8
     251         9
     241         2
     209         8
     194        17
     157        16
     136         5
     132         4
     118        16
     102        10
      47        18
      17        10
'TEST0072'
      40
    1000
     765         6
     762         6
     752         7
     741         8
     731        11
     719        12
     695        14
     682        16
     662        17
     648         4
     603        11
     598         8
     588        11
     564        18
     544        17
     523         3
     510         7
     481         8
     472         8
     450        15
     427        11
     373         2
     345         5
     340         1
     328        13
     323         2
     281        10
     276        15
     234        16
     229        14
     220        11
     213         7
     204        17
     195        17
     183         2
     178        17
     171        15
     111         4
      77         2
      64        12
'TEST0073'
      40
    1000
     763        20
     760        12
     721         2
     700        14
     689        11
     686        16
     677         5
     675         2
     633        15
     594         3
     554        12
     523         8
     480        14
     446         1
     422        10
     407         5
     396         1
     372         6
     358         3
     352        15
     323        20
     303        11
     293         2
     284         2
     273        17
     262        15
     224        20
     218        17
     205         5
     168        18
     164         7
     143        18
     124        16
     105        15
     101         5
      85         1
      64        19
      61        10
      43         4
      10         3
'TEST0074'
      40
    1000
     781        16
     751         9
     747         3
     746        14
     736         2
     720        14
     702         3
     692         7
     679         4
     669         2
     629        18
     612         8
     602        15
     541         3
     530         1
     501         8
     482         7
     470        18
     463         8
     451         5
     434        15
     417        15
     331        18
     319         9
     295        15
     256        13
     247        11
     241         7
     230        18
     226        17
     222        12
     210         9
     126         6
     125        14
     102        14
      96         1
      52        15
      28         7
      17        10
      12         9
'TEST0075'
      39
    1000
     775         1
     763         2
     750        10
     696         7
     688        12
     657        16
     654         9
     639         2
     606        14
     587         1
     567        18
     511         6
     485        17
     464         1
     458        15
     455         2
     435         4
     389         9
     381        15
     315         6
     271        17
     260         7
     258        11
     246        15
     239        15
     227        13
     217        14
     212        15
     175        14
     155         8
     150         7
     144        18
     139        15
     121        13
     101         3
      81         9
      74         8
      58        17
      39        14
'TEST0076'
      39
    1000
     789         5
     775        11
     710         9
     684         9
     624        10
     599         6
     598        19
     589        17
     588         5
     584         1
     556         3
     547        13
     546        17
     527         6
     505        15
     495         7
     485        12
     452         4
     438         5
     416        27
     411        19
     409        18
     397         8
     369         6
     368        17
     358         8
     356         7
     352         5
     345         1
     305         2
     265        11
     206         8
     202         8
     174        20
     138         9
     124        19
     110        16
      98        10
      47         7
'TEST0077'
      38
    1000
     799        38
     789         2
     779        11
     741         1
     720         1
     707        20
     706        16
     705        15
     687         5
     664         7
     660         2
     641         8
     636         7
     633         8
     604        17
     574        21
     527        10
     516        15
     508         2
     459        16
     425        20
     397        15
     370         4
     359         5
     336        16
     305         6
     262        15
     259         3
     222        18
     187         2
     172        19
     114         7
     109         3
     107         2
     104         2
      86        21
      70        13
      53         7
'TEST0078'
      38
    1000
     677        16
     594         9
     593        13
     582        12
     580        10
     569         4
     563        28
     558         1
     515        10
     511        12
     491         7
     487         3
     480         8
     468        14
     444        13
     442        16
     436        24
     414         3
     361         7
     343        18
     340        13
     323         1
     314         2
     303         7
     266        17
     257        12
     218        14
     213        15
     167         2
     151         4
     143        10
     131         9
     123        11
     115        17
      69        16
      37         4
      36         8
      24        10
'TEST0079'
      39
    1000
     788        17
     787        29
     780        10
     752        14
     741        15
     719         2
     694        16
     607        15
     588         2
     509        11
     495         5
     493        18
     485         9
     458        12
     450         3
     430        11
     407        17
     392         5
     390        18
     373         2
     368         2
     365         5
     363         5
     353         2
     342        18
     338        12
     326         9
     283         5
     229        15
     210         9
     192         5
     159        18
     118         6
     115        16
     103         7
      66        15
      57         6
      46         1
      13        13
'TEST0080'
      38
    1000
     782        12
     702        10
     669        19
     663        13
     648         5
     628        28
     597        10
     587        19
     586        10
     568        17
     526         1
     508         6
     489        14
     465        18
     425        17
     387         2
     340        15
     308        16
     258         1
     253         4
     225         4
     217         8
     177        12
     176        16
     171         9
     169         7
     167        13
     163        14
     162         3
     161        15
     138        13
     117         7
     109        10
      94        15
      73         7
      42         6
      33         4
      18         1
'TEST0081'
      37
    1000
     775        15
     731        20
     724        20
     719        21
     710         1
     686         3
     675         5
     634         5
     624        17
     615         3
     560        12
     554         3
     553        16
     530         7
     526        12
     523         2
     519        26
     477         3
     419        21
     396         1
     361        22
     345         6
     323        10
     318         7
     309         7
     297        13
     293        19
     290         3
     287        18
     276         1
     249        10
     192        13
     142        10
     124        15
      77         9
      60        19
      37         5
'TEST0082'
      39
    1000
     800        20
     799         2
     771         1
     765        19
     760        11
     736         9
     728        22
     722         9
     709        12
     704        19
     618         7
     583         7
     566        22
     565        11
     547         7
     506         2
     470         2
     467        18
     398        14
     389         2
     388        14
     323        18
     319        22
     317         3
     291         1
     241         1
     214         4
     189        14
     166        10
     155        17
     140        12
     135         7
     129         1
     128        17
     123         7
      95         1
      75        16
      35        10
      15         9
'TEST0083'
      39
    1000
     788        12
     727        22
     658        27
     645         7
     630         6
     622        18
     617        15
     597         7
     580         4
     578        14
     550        19
     541         2
     514         8
     491         2
     490        10
     478         7
     473         6
     466        12
     462        15
     459         8
     456         2
     452         6
     434        14
     425         3
     409         7
     321        10
     295        18
     286         8
     281        11
     273         1
     240        17
     225         7
     224         3
     208        18
      58        23
      43         8
      35         7
      14        13
      13         3
'TEST0084'
      40
    1000
     783        13
     774         9
     739         2
     704        17
     671        18
     656         1
     633        12
     613         1
     596         1
     587        10
     578        12
     561         5
     548        12
     542         8
     524         7
     507         5
     496        17
     493        12
     472         7
     420         6
     354         9
     336        18
     323        18
     297        16
     288         8
     244        16
     222        12
     220        12
     201         5
     198        16
     192         9
     162         7
     149        17
     106         9
      92        12
      63        12
      54        15
      39         2
      38         5
      15         7
'TEST0085'
      37
    1000
     747         9
     733        16
     731        21
     669         3
     644         4
     637        11
     611        21
     610        15
     607         7
     598        20
     577        22
     575         1
     551         1
     534        13
     506         2
     485        19
     467        22
     447        10
     438         4
     436         5
     397         7
     358        10
     354        11
     303        15
     288         4
     280        14
     236        12
     125        10
     106         5
     103         6
      87        27
      75         6
      42        20
      28         8
      27         9
      15         9
      14         1
'TEST0086'
      40
    1000
     793        22
     772        13
     763         1
     754         9
     728         7
     689         1
     653         2
     563        12
     559        23
     543         8
     496         7
     486        23
     478        20
     464         7
     460         9
     458         2
     450         3
     432        22
     429        11
     419         2
     404         9
     402        11
     384         5
     369         4
     347        16
     341        20
     323         6
     298         7
     285         2
     244        15
     237        10
     116        13
     105        15
      95        10
      91         1
      90         9
      73         2
      58        19
      50        16
      29         6
'TEST0087'
      39
    1000
     800        16
     769        11
     763         3
     753         6
     725        18
     718        18
     715         1
     686         4
     665        12
     664         2
     661        19
     648        10
     645         9
     626        11
     611        18
     605         5
     589         7
     571         3
     560        16
     538         9
     466         2
     446        17
     445         2
     415        18
     366        12
     326         1
     323        12
     299        14
     268        16
     260        15
     257         3
     209        10
     171         8
     151         4
     147        18
     101        10
      99        19
      69         5
      24        16
'TEST0088'
      39
    1000
     762        16
     753        16
     704         3
     689        14
     684        11
     682         2
     659        15
     652         4
     583        19
     580        20
     549         1
     495        21
     486         2
     481         8
     456         7
     421        16
     410         5
     408         1
     407        16
     368         6
     364        20
     355        18
     347         4
     342        11
     314         4
     303        15
     302        17
     216        10
     213         6
     206         5
     184        11
     152         2
     124        15
     100         6
      54        20
      53         1
      49         7
      34        23
      24         2
'TEST0089'
      40
    1000
     796         8
     775        11
     768        17
     744         8
     734         1
     733         2
     725        10
     717        20
     702        21
     659         9
     643        17
     628        16
     618        15
     615        20
     603        15
     446         6
     430        21
     398         4
     359         3
     353        10
     338         1
     334         5
     329        13
     327         8
     325        12
     314        10
     288        16
     279        17
     267        15
     261         8
     253         1
     228         4
     189        20
     172         2
     162         8
     125         4
     122        21
     111         1
      74         3
      11         1
'TEST0090'
      39
    1000
     799        14
     786         5
     773         8
     750        16
     732        14
     724        16
     673        12
     648        15
     646         5
     630        10
     576        14
     573         2
     565         3
     532        16
     508         5
     498         2
     496        25
     494        18
     458         1
     443         8
     428        17
     394        10
     362        15
     320        16
     288         8
     272        16
     270        14
     268         8
     226         5
     217        14
     191        16
     157        10
     151        10
     139         9
     117         6
     112         6
      67         4
      66         1
      62         6
'TEST0091'
      39
    1000
     770        12
     720         5
     706        18
     679         2
     672         9
     649         7
     552         5
     507         2
     486        14
     485         5
     453        10
     436         8
     423         5
     417        11
     385         8
     355         5
     342        15
     301        10
     278         6
     254        13
     252        15
     241        15
     231         6
     210        13
     201        15
     190         6
     186         9
     181        23
     177        11
     170        10
     149        20
     141         4
     126        18
     105         6
      97         6
      81        12
      78         7
      56        17
      20        17
'TEST0092'
      39
    1000
     772         2
     756         2
     744        14
     737         4
     709        11
     707        11
     672        40
     668        18
     601        19
     591         6
     581         6
     567         5
     560        15
     536         5
     524        20
     515         8
     482         6
     428         2
     412        17
     404         1
     373         6
     365         3
     359         7
     352         3
     333        22
     331         5
     261        14
     258         4
     248        17
     228        22
     218        12
     214        17
     212        15
     179         5
     178         4
      87        13
      58        13
      47         3
      33         3
'TEST0093'
      40
    1000
     753         2
     728        22
     723         8
     721         3
     712         8
     701        13
     687        18
     675         5
     646        18
     643        22
     625        15
     618        21
     617         3
     548         4
     523         1
     518         9
     507        14
     504         5
     484        18
     458         4
     383         3
     365         2
     335         2
     309        18
     299        16
     290         1
     229        14
     209        15
     202         4
     197        16
     195        20
     189        17
     152         8
     147        10
      99        14
      57         1
      48        18
      44         4
      42         1
      38         3
'TEST0094'
      39
    1000
     798         1
     789         8
     786        20
     783        21
     778        20
     771         2
     760        13
     751        10
     733        18
     714         7
     693        11
     641         1
     638        22
     587        21
     574         8
     491         7
     413        15
     402         9
     347        18
     340         5
     328         1
     288        13
     239        11
     227        13
     202         1
     178         3
     169        18
     153         6
     136        10
     125         2
     124        13
      81         2
      76        10
      74        17
      62         3
      59         9
      33        11
      24        14
      12         6
'TEST0095'
      40
    1000
     774        15
     729        10
     703        16
     701         2
     688        13
     632         7
     618        17
     612        15
     585         7
     518        12
     516         3
     511         3
     496         1
     442         7
     422        11
     420        18
     374        15
     366        17
     342        12
     339         1
     328         5
     320         5
     317         4
     292        15
     284        13
     268         5
     249         2
     218        12
     214        15
     209        11
     204         3
     131        12
     121        12
      87        18
      74        13
      57        17
      48        10
      27        10
      16        17
      12         1
'TEST0096'
      40
    1000
     760         9
     700        18
     699        16
     671        13
     649        15
     644         6
     630        10
     622         8
     596         4
     587        13
     575         6
     527         7
     510         2
     505        19
     497         3
     486         5
     466         5
     401         4
     376         9
     367        13
     356         9
     302        14
     278        10
     275        14
     239         5
     235        13
     222         6
     217        11
     199        16
     192        11
     182        13
     178        10
     175        13
     174        15
     124        11
     103        18
      78        11
      52         8
      33         1
      21         6
'TEST0097'
      40
    1000
     765        16
     764        12
     695         7
     694        17
     580         4
     571        15
     566         9
     536        19
     463        14
     446        19
     431        14
     416         4
     399         6
     389        15
     377        17
     376         5
     360        16
     358         5
     346        16
     343         3
     341         1
     332         4
     321        12
     286         7
     276         6
     264         6
     253         3
     240         5
     197         4
     195        18
     194        16
     184         1
     175        13
     136         5
      98        10
      72        11
      51        20
      46         9
      37         2
      25        14
'TEST0098'
      40
    1000
     747        16
     736        10
     708        16
     665        14
     664        21
     653         9
     636         5
     619        20
     560         7
     526        18
     524        11
     518         6
     466        15
     443         4
     436        13
     435        13
     410         2
     341        14
     334         1
     328         8
     298        14
     264         2
     259         7
     238         1
     235         5
     229        18
     220         1
     192         1
     184         4
     179        19
     178         9
     168        21
     156        16
     140        13
     134         2
      88        11
      58        15
      41         3
      33         9
      16         6
'TEST0099'
      40
    1000
     782         4
     774         9
     760        14
     721        16
     712         6
     689         4
     673        20
     666         3
     660        19
     658         8
     656        18
     593         7
     551        18
     533        17
     515        19
     501        10
     490         3
     475         7
     455        13
     447         2
     434        20
     429        11
     424         5
     369        19
     352        13
     348         1
     328         1
     320        18
     300         1
     287         2
     256         9
     234        10
     211         4
     173        19
     168        18
     133         1
     107        20
      74         3
      44         1
      20         7
'TEST0100'
      40
    1000
     793        10
     788         8
     762        14
     731        15
     727         2
     709         2
     702        18
     698         9
     697        16
     683        13
     679        11
     678        10
     602        12
     597         2
     587        16
     556        17
     533         3
     513        16
     403        14
     387        10
     373         7
     336        12
     333         4
     285         3
     272         1
     268        15
     258        16
     210        18
     158         4
     152         3
     134         3
     124         5
     118         9
     106        17
      99         9
      96        16
      92        17
      75         3
      68        17
      32         3
