'TEST0001'
      38
    1000
     190        12
     188         4
     184        20
     167         4
     164         3
     158        19
     152        10
     146         2
     144        16
     142         4
     139         8
     135        12
     133         3
     125        11
     114         1
     111         2
     108        19
     106        20
     105        16
     102        18
     101         1
      99        10
      91         3
      90         8
      82        20
      76        14
      74        19
      73        17
      65         1
      64        28
      63        10
      61         3
      59         7
      52         2
      44         6
      43        18
      34        10
      12        19
'TEST0002'
      38
    1000
     200         9
     199        11
     198        21
     196         2
     195        21
     191         4
     186         8
     185        15
     183         4
     179        14
     178         4
     170        17
     165        13
     163         7
     158         3
     143        10
     142         4
     141        18
     139         2
     137        15
     132         2
     121        21
     120         9
     108        15
     100         2
      99        17
      83         9
      69        16
      66         2
      64         6
      53         9
      35         7
      34         7
      28        13
      23        17
      16        14
      15        25
      13         7
'TEST0003'
      38
    1000
     197        14
     191         3
     188         6
     179         2
     178         7
     177        15
     161        10
     154        13
     153         4
     146         9
     143        30
     140         7
     126         2
     123         5
     122        16
     120        10
     115        14
     102        16
      95         1
      93        12
      90        13
      87        14
      84        16
      83         9
      65        22
      63         1
      51        15
      49        13
      47         9
      46        11
      45        10
      41         9
      39        16
      30        13
      16        13
      15         6
      14         9
      10         5
'TEST0004'
      35
    1000
     198        14
     189        11
     180         9
     166        11
     165        24
     156        17
     153         8
     147        13
     131        14
     128        10
     125        18
     122        15
     111        15
      97        12
      94        21
      91        16
      90        14
      87         6
      83         7
      80         1
      79        11
      69        16
      68        12
      65        12
      64         9
      59         3
      55        11
      46         2
      45        17
      33         7
      23        14
      22         4
      17         8
      15        14
      10         4
'TEST0005'
      40
    1000
     188        11
     186        17
     183        16
     179         2
     172        21
     171         4
     169        13
     160         7
     151        21
     145        19
     140        19
     139        16
     134         6
     133         1
     130        11
     127        14
     119         9
     116        14
     112         7
     101        19
      89         2
      74         4
      73         7
      71         4
      60         7
      58        10
      54         9
      50         7
      46         4
      45         4
      43         6
      42        18
      35         5
      32        14
      31         1
      30        18
      26         6
      21        16
      20         3
      19         8
'TEST0006'
      35
    1000
     195        28
     193        12
     182         6
     181        19
     173         6
     171        25
     169        10
     161        11
     151        11
     147         2
     132         8
     125         7
     122        14
     121         3
     120        13
     112         9
     111        11
     101         2
      83         4
      79        36
      68        11
      67        20
      60        13
      57         1
      56         9
      53        17
      52        13
      45        13
      42         2
      39        18
      30         2
      29         4
      27        10
      26        21
      18         9
'TEST0007'
      38
    1000
     200        11
     199         4
     197         5
     183         6
     174        17
     172         9
     168        13
     164         3
     159         3
     158         2
     155         8
     152        14
     144        15
     128        15
     127        17
     118         7
     116         5
     111        28
     110         4
     109         6
     108        14
      97        19
      88         4
      79         9
      72        15
      59         2
      58        10
      56        18
      52         3
      45         7
      40        15
      36        16
      30        11
      27        18
      22        14
      12         8
      11        18
      10         7
'TEST0008'
      34
    1000
     188        18
     186        13
     181        10
     180         2
     174         9
     168        13
     161        13
     156        16
     152         8
     150        15
     147         5
     146        18
     138        24
     132         2
     129        25
     110        18
     100         7
      93         5
      88         7
      84         2
      80        15
      78        11
      76        15
      74         3
      68        14
      64        15
      62        12
      59        14
      53        13
      52         1
      44        17
      42        15
      29         6
      17        19
'TEST0009'
      38
    1000
     197         1
     192         8
     191        14
     187         5
     185        15
     182         9
     180        16
     168        11
     166         6
     165        10
     151        12
     149        15
     146         6
     145         5
     139        15
     137        11
     128        16
     126         2
     124         5
     120         3
     109        14
     108        16
     104         5
     101        13
      98         4
      92        17
      86         9
      82         9
      75         6
      55         2
      50        33
      45         6
      44        16
      43        14
      41        12
      31        11
      30        19
      10         9
'TEST0010'
      34
    1000
     197         6
     180        28
     177         2
     164        16
     162         2
     158         6
     149        12
     141        17
     136         9
     133        15
     131        28
     130        13
     125         5
     124        15
     110         1
     109        13
     106        28
      96         8
      94         6
      91        18
      85        16
      82         2
      80        13
      77         1
      74        12
      68        14
      58        16
      51        17
      46        16
      45         8
      40         9
      38        10
      32         8
      20        10
'TEST0011'
      35
    1000
     194        14
     193         3
     190        14
     185         8
     171        30
     161        28
     157        14
     150         6
     146        18
     144        12
     137         5
     125        15
     124         3
     116        16
     110        16
      98        15
      74         6
      67         1
      66         2
      64         8
      63        10
      56         7
      51         3
      48         2
      45        17
      41         7
      36        10
      31        18
      29        22
      27        12
      24        17
      19        17
      15        16
      14         3
      11         5
'TEST0012'
      35
    1000
     194         2
     190         7
     186        26
     179         4
     171        21
     168        21
     145        21
     140        22
     139        14
     136         8
     128        22
     126         1
     125         9
     107         5
      98        27
      92         6
      90        15
      81        21
      80         1
      74        12
      67         1
      66         7
      63         7
      62        20
      58        20
      47        19
      40         7
      37        19
      36         5
      35         3
      31        14
      22         1
      16         6
      13         3
      10         3
'TEST0013'
      38
    1000
     200         4
     193        18
     185        17
     174         3
     165         4
     164        20
     162        21
     157         4
     154        16
     149         7
     147         6
     143        16
     138         7
     132        15
     129        11
     113         2
     111         2
     109        15
     108         8
      91         5
      89         7
      81        15
      69         9
      68        19
      66         8
      61        12
      59        10
      54         7
      49        12
      48        16
      47         1
      46         2
      42        19
      40        16
      36        17
      26        15
      25        11
      11         3
'TEST0014'
      38
    1000
     196        18
     181         9
     170        15
     163        14
     161        12
     153         2
     143        13
     142         8
     131         4
     116         7
     115         8
     114         4
     108         1
     106        12
     102         2
      88        13
      86         5
      79        12
      78        16
      76         1
      69        10
      68         4
      67         1
      60        14
      58        13
      57        17
      56        16
      53        17
      49         9
      42        15
      38        13
      35         4
      29        12
      28        30
      26        23
      24         1
      20         8
      17        17
'TEST0015'
      34
    1000
     200         3
     195         8
     167        15
     164        17
     163        14
     160         3
     144        12
     127         5
     123         9
     122        17
     116        13
     114        16
     113         7
     112         9
     111        12
     110         8
     106         6
     102         4
      98        18
      95         4
      94         7
      91        10
      85        13
      80        11
      77         2
      72        39
      57        42
      54         8
      53         5
      50        15
      49         9
      36        17
      31        18
      11         4
'TEST0016'
      36
    1000
     197        16
     189         6
     185        12
     184        13
     177        11
     175        12
     171         2
     167        19
     164         6
     161        18
     160        14
     152         2
     150        13
     149         6
     140        11
     139        18
     127        16
     126        14
     119        20
     110        11
     107        15
     102         7
     101        14
      99        13
      95        12
      88         2
      63        14
      60        15
      58        13
      40        15
      36         3
      35        19
      26         3
      23         4
      16        10
      10         1
'TEST0017'
      37
    1000
     200        18
     188        10
     179        21
     178         9
     177         8
     175         3
     167         5
     164        11
     163         9
     161        10
     159        22
     143        17
     135         8
     114         7
     106         5
     105         6
      99        25
      98        16
      93        19
      90         3
      86        12
      84        19
      71         7
      58         3
      54         4
      51         5
      46         2
      45        16
      43        21
      36         4
      26        17
      25        18
      23         3
      21        11
      17         8
      14        16
      13         2
'TEST0018'
      36
    1000
     194        13
     191         2
     176        10
     169        14
     167        15
     150         2
     149         5
     145        16
     144        10
     142         8
     126        16
     125        12
     121         2
     119        36
     114         6
     113        10
     112        11
     111        10
     107         4
     103        17
      95        10
      87        16
      85        16
      83        16
      81         2
      80        13
      74        14
      72        12
      68        11
      67        12
      66         3
      53         6
      51        25
      33        11
      32        12
      27         2
'TEST0019'
      33
    1000
     195        17
     194        27
     191        15
     181        39
     178        14
     172        12
     169         9
     145        11
     139        12
     130        19
     124        17
     120        12
     118         3
     117        10
     110        13
     109        17
     108        21
     107         9
      94        13
      89         6
      87        16
      83        17
      78         2
      69         3
      62        17
      51        14
      50         5
      43         1
      39        16
      32         1
      24         5
      15         4
      10         3
'TEST0020'
      38
    1000
     200        13
     184         7
     177        13
     172        11
     171        10
     169        18
     168        16
     166        12
     147         2
     137        14
     133        16
     132        10
     124         9
     122        14
     120        12
     119        10
     117         3
     116        15
     113         6
     109        12
     104        12
     103         1
     101         6
      97        10
      94        10
      85        11
      71        16
      69        23
      66         4
      49        10
      46        10
      45         7
      40        12
      37         5
      35         1
      32         8
      22        15
      15        16
'TEST0021'
      36
    1000
     198         4
     176        13
     175         4
     174        11
     173         6
     171         2
     165         8
     150         8
     148         4
     142        16
     138        13
     135        14
     121         9
     119        20
     117        11
     104        18
      94        18
      86        10
      84        18
      80        15
      77         5
      76        17
      75         9
      70         2
      58        20
      55        17
      52        13
      49         6
      47        26
      38        18
      34        12
      32         9
      28         3
      27         6
      21         1
      19        14
'TEST0022'
      35
    1000
     200        12
     198        16
     191         5
     190        29
     182        11
     175        14
     169        15
     167         1
     165        21
     163         7
     158        17
     143        11
     138        10
     137         3
     133         6
     130        24
     129         5
     126         2
     118        16
     115        16
     111        13
     103         1
     102         5
      97        11
      95         4
      94        17
      82        12
      80        16
      72        16
      46        13
      37         6
      35         7
      34        12
      33        17
      19         9
'TEST0023'
      36
    1000
     197        18
     187         7
     183         2
     179         1
     171        21
     167         1
     166         1
     161        17
     158        10
     151        39
     144        12
     136        11
     134        13
     121         5
     112        17
     111         6
      95        15
      89         9
      86         1
      85         5
      84        16
      79         3
      69         3
      63        22
      56         8
      55        15
      53        13
      44         6
      43        13
      34        17
      26         5
      24        18
      20        18
      17         7
      12        13
      10        12
'TEST0024'
      37
    1000
     199        18
     192        11
     191         6
     189        13
     188        16
     177         3
     173        17
     168        14
     165         7
     155         3
     154        11
     150        15
     147        11
     145        13
     141         9
     130         8
     126         2
     119         2
     109         9
      93        33
      88        18
      72         1
      70        13
      64         3
      62        15
      57        10
      53        13
      51        12
      45        10
      43         5
      42        11
      39        15
      33         5
      29         2
      28        17
      18        16
      13        13
'TEST0025'
      33
    1000
     187        26
     182         5
     180        19
     176        21
     175        25
     170         3
     166         2
     147        16
     144        18
     140         8
     139         8
     138         2
     132        10
     121        17
     117         2
     111        18
     105        21
     103        21
     100         4
      96        19
      94        11
      92        15
      88        17
      85         9
      83        12
      64        16
      55         9
      47         4
      39         2
      32         8
      26         1
      25        17
      12        14
'TEST0026'
      35
    1000
     188         1
     187        16
     186        23
     179        19
     172        34
     171         9
     170         3
     168         8
     155         9
     151        21
     147         8
     146         9
     144        21
     143         6
     140         4
     135         1
     133         2
     130         3
     129         6
     124        16
     123         1
     121        15
     117        20
     112        11
     110         5
     103        12
      98        12
      78        18
      68        28
      42        15
      39        13
      29         2
      28        19
      22         4
      18         6
'TEST0027'
      36
    1000
     198        18
     192        18
     189        14
     180         2
     169        12
     164        12
     158        18
     140         1
     136         6
     128         2
     126        16
     120        17
     118         2
     116        11
     115         6
     114         6
     113        13
     105        15
     101        12
      97         1
      94        13
      93        17
      86         8
      85         8
      80        17
      79         6
      76         6
      61        22
      51        15
      50        12
      44        14
      43        14
      37         3
      31        16
      30        16
      22        11
'TEST0028'
      34
    1000
     198         2
     186        11
     185        13
     180        13
     176         6
     173         7
     168         1
     154        12
     148         4
     134         2
     132        20
     128        10
     120         3
     119        14
     113         9
     111        19
      93        18
      86         6
      85         6
      83         9
      79         9
      77         6
      75         4
      70         1
      68        18
      65        12
      63        17
      59        19
      57        20
      55         5
      54        37
      46        26
      33        37
      28         4
'TEST0029'
      34
    1000
     196        19
     195        15
     185         5
     178         8
     177        22
     170        22
     142         7
     141         8
     139         7
     138        10
     137        20
     135        38
     134         9
     131        13
     121        13
     119         8
     108        16
     104         1
      98        14
      97         7
      92         1
      85         3
      84        10
      81        18
      73         5
      70        14
      59        11
      49        18
      46        19
      33        16
      23         5
      20         3
      12        10
      10         5
'TEST0030'
      33
    1000
     194         3
     192         2
     177        26
     175         4
     156         1
     155        24
     149         9
     144        11
     142         4
     138        30
     136        10
     134         4
     126        10
     117        15
     104         1
     103        12
     102        13
      93         5
      90        19
      87        33
      86        30
      84        11
      81        14
      80         7
      74        11
      63        18
      43        14
      37        15
      28        16
      27         3
      25         6
      20         9
      11        10
'TEST0031'
      34
    1000
     184         9
     182        18
     171         9
     170         3
     169        15
     164        13
     162         1
     154         4
     145         8
     139        32
     133         6
     126        14
     121         3
     116         7
     113         5
     101        18
     100         4
      97        19
      95        12
      91         4
      77        17
      69        20
      65        25
      56        23
      53         3
      52         5
      51         2
      48        16
      45        15
      44         7
      29        19
      20        18
      18         5
      17        21
'TEST0032'
      39
    1000
     194        11
     191         8
     188        13
     183        18
     178        18
     174        18
     158        12
     151         3
     145         8
     144         4
     140         4
     139        13
     135        13
     134        18
     133        11
     125         2
     123        11
     114        13
     113        14
     112        16
     111         4
     110        11
     102        10
      99         2
      91        11
      90         1
      89        11
      79         1
      75         7
      69        15
      46        12
      41        13
      37        16
      31        15
      24        16
      23        17
      14         2
      11         8
      10         1
'TEST0033'
      36
    1000
     198        14
     190        17
     189        14
     188        11
     176         6
     174        10
     172         1
     170        13
     165        23
     159        16
     158        11
     153        14
     150        25
     135        15
     122         1
     120         8
     116        14
     110        17
     104         1
     102        18
      99         2
      94        16
      70        14
      66         7
      60        13
      59         9
      49         8
      48         4
      39        15
      32         9
      26        15
      23        18
      22         4
      18        13
      15         6
      13         1
'TEST0034'
      37
    1000
     200        11
     192        25
     181        18
     178        18
     176         1
     167        18
     163        15
     161        10
     151         5
     148        14
     147        16
     134         4
     131         7
     125        17
     118         1
     117         3
     116        10
     114        10
     111        11
     110         4
     106        10
      94        10
      92         9
      85         9
      80        17
      75         1
      71        12
      69         6
      66        15
      60         4
      53        18
      43        17
      36        14
      33         4
      31        21
      30        17
      11         1
'TEST0035'
      33
    1000
     194         6
     193        14
     185        16
     181         8
     179        28
     178        12
     173         1
     168        13
     167        12
     165         3
     159        15
     156        11
     152        23
     144         3
     138        21
     137         7
     132         1
     128        12
     123        10
     120        12
     119         9
     108         5
      94         7
      66        31
      64        12
      42        15
      37        24
      36         7
      35        18
      26         8
      21        17
      18        17
      11         2
'TEST0036'
      36
    1000
     198         1
     196         6
     191        16
     190        13
     189        12
     181         1
     171        12
     169        24
     165        19
     162         2
     158         1
     157        10
     137         3
     135        12
     124        15
     112        19
     110         8
     107        10
     102         6
      93        14
      91        15
      90        14
      89        13
      88        13
      77        17
      74        25
      68        14
      57         7
      53         4
      52        22
      51        15
      49         3
      29         3
      23         6
      21        18
      15         7
'TEST0037'
      36
    1000
     192        15
     191        14
     190        14
     186        22
     185         1
     182         6
     181        10
     175        11
     170        13
     165         8
     144         7
     142        11
     137        11
     135        15
     128        18
     127        10
     126         3
     116        12
     101        34
     100        19
      99         2
      92         6
      83         8
      70         2
      60        11
      54         9
      52        10
      46        17
      45         7
      37        19
      29         2
      28         2
      22         4
      21        17
      20        10
      14        20
'TEST0038'
      35
    1000
     187        34
     186        11
     182        20
     177         7
     172         7
     159         1
     158         3
     157         2
     156        18
     149        10
     141         5
     137        17
     136        11
     135        24
     125        14
     122         1
     115         7
     114        20
     107        18
     102        18
     100         1
      97         5
      92         2
      89         7
      88        19
      86         2
      79        13
      78        16
      75         7
      69         3
      55        18
      48         9
      41        16
      38        17
      27        17
'TEST0039'
      36
    1000
     193         8
     191        18
     168        17
     162        19
     158        18
     149         1
     147        13
     143        27
     142        10
     137        11
     135        18
     133         9
     131        16
     130        18
     126         3
     125        15
     121        13
     119         7
     118        20
     110        19
      95         7
      93        15
      91         1
      77         9
      75         4
      68         3
      63         3
      58         6
      49        10
      47        18
      43         9
      42        11
      31         8
      29         4
      15         2
      11        10
'TEST0040'
      36
    1000
     198        39
     197         3
     192        18
     190         2
     186         5
     176        18
     171        13
     169         7
     157        17
     145         6
     139         6
     137        15
     126        12
     120         6
     114        17
     111         7
     107         7
      95         9
      92        16
      87        29
      83         1
      82         1
      72         9
      64        14
      61        17
      56         2
      55        10
      52         7
      51        13
      44        12
      38        11
      36        15
      31         9
      25         4
      15         8
      11        15
'TEST0041'
      38
    1000
     193         7
     192         1
     190        10
     172        10
     161         2
     149        32
     147        17
     144         7
     141         4
     140        12
     137        15
     135        13
     134        14
     133         4
     132        15
     125        17
     124         3
     122        14
     116         5
     108         1
     102         5
      98         4
      86        10
      83        12
      79        22
      75        11
      67         5
      62         2
      61         1
      60        14
      56        13
      50         4
      45        18
      44        20
      27        12
      16        20
      15        14
      10        10
'TEST0042'
      36
    1000
     199         5
     197         2
     193        11
     191         1
     184        13
     181        16
     177        10
     171         8
     169         6
     144        16
     139        12
     136        15
     129        12
     128         1
     118        17
     117        12
     115        15
     108         6
     104         1
      85        17
      83        17
      76        13
      75        12
      74         9
      72         3
      64        18
      59        15
      52        16
      51         9
      45         3
      41        31
      30        12
      25         2
      24        27
      23         9
      22         8
'TEST0043'
      38
    1000
     193        14
     176         6
     175        26
     174         2
     171         9
     169        17
     164        16
     158        18
     157        15
     156        12
     145         7
     134         6
     131         8
     120         8
     111         5
     101         6
      99        14
      98        16
      95         9
      87         1
      82        18
      81         3
      77         7
      73         1
      68        20
      67        11
      65        13
      63         6
      56         5
      48        19
      45         8
      41        21
      36        10
      25         5
      21        17
      16         4
      15         6
      12        11
'TEST0044'
      35
    1000
     196         4
     194        14
     193         8
     186         5
     182        15
     180        12
     174         8
     173        14
     163        14
     161        17
     160        13
     157        26
     144         1
     138        22
     137        12
     131        10
     128         3
     119        11
     117         4
      93         2
      92        23
      86         3
      78        11
      73        25
      63         1
      62        21
      50         4
      45        12
      44         7
      40        14
      38         9
      34        15
      31         9
      19        16
      10        15
'TEST0045'
      36
    1000
     197        15
     195        12
     193        17
     183        14
     182        17
     178         3
     175        13
     169         1
     161        17
     159        18
     149         5
     146         1
     145         2
     139        12
     124         9
     123        11
     121        11
     109        20
     104        15
     103        29
     100         6
      99         8
      87         9
      85        14
      79        16
      72        15
      67         3
      65        16
      64         9
      62         4
      45        15
      41         2
      37        12
      35         3
      30        14
      29        12
'TEST0046'
      35
    1000
     180         8
     171         5
     170        15
     164         3
     162         2
     161         3
     151        19
     150         2
     143         1
     137        10
     126        18
     123        12
     121         4
     113        23
     111        10
     105        15
     103         1
      97         7
      96         9
      92        21
      91        10
      82         7
      78         9
      67        11
      66        24
      61         7
      51        20
      49        10
      40        18
      39         4
      37        41
      29        22
      22         6
      20        17
      11         6
'TEST0047'
      39
    1000
     197        19
     193         5
     192        12
     183         5
     181        16
     175         7
     171         3
     167        17
     164         6
     160        12
     158         1
     142         6
     141        18
     139        14
     138        18
     135         1
     131        17
     130        19
     122         8
     118        17
     111         5
     107         2
     105         7
      89        19
      77         5
      75        13
      70         4
      67        14
      48        11
      45         5
      41        11
      37         1
      36        22
      32        17
      31         4
      28        14
      26         5
      18         3
      16        17
'TEST0048'
      35
    1000
     198        16
     196        13
     191        10
     190        20
     188        14
     184        16
     178        17
     177        18
     174        16
     164        11
     162        11
     157        19
     154         3
     153         9
     139        19
     131        15
     130         1
     123        17
     117        15
     115        14
     114         3
     107         4
      85        22
      77         8
      73         1
      58        11
      51         2
      47        23
      44        13
      41         3
      29        16
      28         2
      23         4
      19         9
      13         5
'TEST0049'
      37
    1000
     200        14
     197         7
     185        16
     184        14
     172        11
     170         1
     167        13
     162         4
     141        14
     140         8
     133        16
     132        15
     129        12
     123        13
     119         1
     103        14
     100         7
      99        11
      95        10
      92        13
      91         6
      89         8
      77        16
      73        22
      71        23
      69         1
      61        11
      53         9
      52        16
      45         1
      40        16
      38        13
      31        16
      27        13
      26         4
      24         6
      21         5
'TEST0050'
      35
    1000
     200        14
     196         3
     194         6
     191        14
     182         9
     179        17
     178        14
     175        17
     173        12
     163        16
     152        15
     148        15
     141         8
     136         5
     131        22
     115        15
     111        27
     110        13
     108        10
      88        15
      84         3
      76         8
      75         2
      74         2
      72         6
      70         6
      67         1
      63        21
      55         8
      36        16
      33        27
      30        17
      28         3
      25         1
      21        12
'TEST0051'
      36
    1000
     187        17
     184         5
     181        19
     178         3
     177        15
     176         9
     174         1
     166        13
     165        11
     159         3
     154        19
     151        13
     141        13
     137         5
     135         2
     122         3
     117        19
     105        18
     102        16
      95        16
      90         4
      84         6
      82        18
      76         8
      67         1
      59         2
      58         4
      51        19
      45         8
      38        11
      36        15
      28        34
      20         7
      14        11
      13        21
      12        11
'TEST0052'
      35
    1000
     195         4
     194        13
     191         3
     186        15
     185        26
     184        16
     181        19
     180        11
     173         8
     166        12
     165         8
     152        12
     144        18
     142        14
     140        10
     129        20
     126        19
     125        16
     119        11
     118        18
     100        14
      98        13
      87        18
      80        20
      79         1
      76        19
      61         2
      60        12
      59         1
      58         1
      52         3
      45        15
      32         1
      27         5
      10         2
'TEST0053'
      38
    1000
     200         9
     198        14
     197         5
     191         2
     188         4
     185         8
     169         7
     168        10
     162        16
     155         5
     146        16
     144        16
     132        16
     123         6
     119         8
     112         5
     109         3
     104        10
     101        17
      93        16
      77        15
      72         8
      71        11
      70         4
      69        17
      66        11
      65        16
      62        18
      57        12
      55         5
      54        23
      53         6
      47         8
      44        10
      32         3
      28        18
      24        18
      13         4
'TEST0054'
      38
    1000
     200        21
     198         8
     197         9
     196        12
     192         6
     190         4
     186        15
     175        15
     170        11
     166         6
     163        15
     162         7
     160        14
     159         3
     149        13
     138        15
     120        13
     110         6
     108        14
     104         3
      94         2
      92        17
      90        13
      88         8
      82        13
      81         2
      72        15
      63         1
      58        14
      54        15
      46         1
      42        15
      41        17
      34        15
      33         5
      31        21
      27        10
      26         6
'TEST0055'
      37
    1000
     195         2
     194        13
     192         8
     191        12
     187        12
     184        14
     182        16
     181        19
     180        18
     174        17
     168        16
     165        10
     161        19
     160        11
     156        13
     150        12
     137         8
     125        31
     121         2
     120        12
     109        13
      99        15
      98         5
      96         7
      86         7
      80         7
      71         9
      51         6
      40         1
      31        14
      30         4
      26        15
      20        14
      17         4
      15         9
      14         2
      10         3
'TEST0056'
      38
    1000
     195        16
     191         1
     190         8
     187        14
     175         8
     174        18
     166        13
     165        11
     162        18
     161        15
     160        14
     155         7
     153        17
     149         5
     134        10
     127        16
     125        16
     124        10
     116        19
     108        12
     104         6
      97         1
      75         4
      74        18
      70        17
      65        10
      58         1
      52        10
      48        13
      45         8
      41        17
      36         9
      30         1
      28         5
      26         4
      21         6
      19         4
      15        18
'TEST0057'
      37
    1000
     196         8
     195        19
     193         3
     192         2
     189         4
     185         9
     179         6
     177        20
     176        15
     174        20
     167         1
     166        24
     161         3
     156        10
     155        15
     150        10
     138         9
     133        18
     130        18
     108         3
     107         4
     103        13
     102        16
      90        20
      71         9
      70        12
      65         2
      57         8
      55        13
      53         7
      48        12
      41        14
      38        20
      27         1
      24        15
      21        15
      18         2
'TEST0058'
      35
    1000
     190         1
     189         7
     188        21
     181        20
     178         2
     174         2
     167         1
     163         8
     162        13
     160         4
     149        21
     148        13
     144        13
     142        19
     141         8
     137        27
     131         1
     125         3
     116         2
     114         8
     107         2
     105        17
     103         2
      96        16
      85         9
      80        13
      77        17
      73        15
      66        18
      56        15
      54         5
      45        38
      33         3
      28        18
      15        18
'TEST0059'
      35
    1000
     199        24
     193        11
     192         3
     188         5
     187         1
     182         4
     180        17
     178        14
     174        15
     173        20
     159        18
     155        19
     153        13
     151         8
     143        12
     138         2
     137        15
     115         3
     114        18
     105         1
     100        10
      96        14
      87         8
      74        16
      70         6
      59         2
      54        12
      41        28
      40         8
      36         7
      34        25
      28         1
      27        16
      21        11
      11        13
'TEST0060'
      39
    1000
     195        10
     190        17
     189        16
     186         8
     183        13
     176        11
     174        15
     172        11
     167        14
     161        13
     158         7
     154        13
     149         8
     136         5
     134         5
     132        16
     131         6
     130         2
     128        11
     127         7
     109         8
     107        12
     103        14
      93        11
      83         5
      79        12
      77        10
      74        12
      73         2
      67         5
      54         9
      49        13
      44        18
      42         9
      41         6
      35        15
      29        17
      17         9
      16         5
'TEST0061'
      38
    1000
     199         1
     186        19
     185        11
     182         9
     176        10
     166        10
     159         8
     151         2
     148         8
     146         3
     145         4
     140        10
     138        12
     136         9
     135        11
     130        16
     127        13
     103         4
      97        12
      84         4
      80        19
      77         2
      71        12
      67        14
      60        21
      59         2
      57        10
      47        15
      46         7
      40         1
      38        13
      29        30
      28        21
      25        11
      19         1
      18        10
      16        19
      14        16
'TEST0062'
      33
    1000
     186        17
     180        12
     173        17
     169        15
     167         9
     166         4
     161         2
     156        16
     154         8
     137        15
     134        12
     133        19
     131        21
     128         5
     124        19
     122         1
     120         5
     116         4
     115        12
     112        32
     110        19
      97        11
      87         5
      77         6
      70        26
      59         9
      55         5
      53        15
      48        16
      41        13
      29        10
      24        16
      14         4
'TEST0063'
      36
    1000
     196        16
     193        12
     187         6
     183         7
     182        24
     181         5
     175        20
     169         3
     165        17
     160        16
     145         8
     143         8
     141        15
     137         1
     132        17
     119        18
     114         3
     112         5
     111        19
     106        13
      91         1
      86         2
      74         7
      73        13
      69        37
      68        12
      58        18
      52        16
      42         4
      33         2
      28         1
      26        11
      18        19
      15         3
      14        16
      13         5
'TEST0064'
      32
    1000
     198        16
     197         1
     188        13
     186         8
     180        10
     177        19
     171        16
     169        12
     167         6
     161        14
     155         7
     151        16
     134         9
     128        17
     126        15
     122         8
     116         3
     101        26
      98         8
      97        18
      90        11
      87         4
      84         7
      74         1
      72        16
      65        26
      54        17
      52        11
      51        13
      20        19
      19         7
      13        26
'TEST0065'
      39
    1000
     197        14
     179        14
     178        16
     174         6
     173         3
     169        16
     155         2
     153         7
     151         7
     149         5
     148         3
     144         6
     138         4
     135        17
     124         2
     117         7
     113         5
     108         1
     105        12
      94         5
      93        12
      91        15
      85        21
      79         6
      77         7
      75        13
      68        14
      66         2
      65        19
      63        29
      60         6
      53        15
      48        20
      45         3
      44        20
      39        20
      32        12
      25         6
      23         8
'TEST0066'
      39
    1000
     197        18
     183        15
     182         7
     180         3
     178         1
     176        23
     160         8
     158        12
     150         6
     139        13
     138        12
     128         4
     126        10
     125         7
     119        10
     118        22
     106        10
     103        22
      94         1
      91         6
      88        13
      81         6
      79        15
      77        17
      76         4
      67        11
      65         8
      61        11
      59         2
      52         4
      50        22
      41         6
      37         3
      32        23
      31        10
      28         8
      25        10
      23         5
      16        12
'TEST0067'
      39
    1000
     197        28
     195        20
     182         6
     181        17
     176         5
     171        19
     162         3
     157         4
     154         3
     144         1
     142        10
     139         6
     135         4
     134         3
     129        16
     125        11
     103        17
      98         3
      91        11
      86        18
      79        16
      67        14
      65         1
      63        13
      62        16
      58        12
      56        11
      52        18
      50         5
      49         7
      46        11
      41        10
      35         4
      28        14
      25         9
      23        14
      17         4
      14         8
      12         8
'TEST0068'
      36
    1000
     199         9
     192         9
     186        10
     182        11
     181        15
     178         9
     174         1
     170        11
     153         7
     152         7
     139         3
     130         4
     128         5
     120        17
     118        13
     117        10
     116        20
     113        23
     109        17
     106         7
     104         9
     103        17
     101         8
      98        10
      78         3
      62        14
      56        17
      53        16
      50        14
      49         9
      46         1
      43        12
      37        15
      35        11
      17        33
      11         3
'TEST0069'
      33
    1000
     197        14
     191         1
     189         7
     181        21
     178         8
     175        14
     172        22
     168        27
     161         5
     159        19
     149        18
     145        22
     141        11
     139         4
     123         1
     110        12
     107        26
     104         2
      98         3
      96        10
      94         9
      87        20
      85         2
      83        12
      70         2
      65         7
      59         6
      40        12
      36        34
      33         8
      30        10
      29        25
      17         6
'TEST0070'
      37
    1000
     198        15
     196         1
     190        13
     182        10
     179         3
     177         2
     171         8
     165         8
     162         2
     159         4
     146         1
     136        17
     131         1
     123        16
     120         3
     114        14
     110        34
     108         2
     106        18
     103        30
     101        15
      99        15
      93        10
      92         3
      82        18
      77         5
      74        17
      70         4
      69         2
      68        18
      62        13
      43        10
      29        17
      19        18
      18        17
      17         1
      11        15
'TEST0071'
      37
    1000
     198        19
     192        15
     190        10
     186         2
     179        11
     176        10
     170         2
     169        13
     168        16
     157         3
     148        17
     145        24
     141        16
     140        17
     124         5
     122         9
     120        17
     113         6
     107        13
     106         7
      96         6
      93        11
      90        17
      86         3
      83         8
      70         8
      68         9
      65         2
      58         8
      54        17
      45        16
      40         5
      39         4
      36        16
      32        10
      19        18
      11        10
'TEST0072'
      40
    1000
     192         6
     191         6
     189         7
     186         8
     184        11
     181        12
     175        14
     172        16
     167        17
     164         4
     153        11
     152         8
     149        11
     143        18
     139        17
     133         3
     130         7
     123         8
     121         8
     116        15
     110        11
      97         2
      90         5
      89         1
      86        13
      85         2
      75        10
      74        15
      64        16
      63        14
      60        11
      59         7
      56        17
      54        17
      51         2
      50        17
      49        15
      34         4
      26         2
      23        12
'TEST0073'
      39
    1000
     191        32
     181         2
     176        14
     174        11
     173        16
     171         5
     170         2
     160        15
     151         3
     141        12
     133         8
     123        14
     115         1
     109        10
     106         5
     103         1
      97         6
      94         3
      92        15
      85        20
      80        11
      78         2
      76         2
      73        17
      70        15
      61        20
      60        17
      57         5
      48        18
      47         7
      42        18
      37        16
      33        15
      31         5
      28         1
      23        19
      22        10
      18         4
      10         3
'TEST0074'
      39
    1000
     196        16
     188        12
     187        14
     185         2
     181        14
     177         3
     174         7
     171         4
     169         2
     159        18
     155         8
     152        15
     138         3
     135         1
     128         8
     123         7
     121        18
     119         8
     116         5
     112        15
     108        15
      87        18
      84         9
      78        15
      69        13
      67        11
      65         7
      63        18
      62        17
      61        12
      58         9
      38         6
      37        14
      32        14
      30         1
      20        15
      14         7
      11        10
      10         9
'TEST0075'
      39
    1000
     194         1
     192         2
     188        10
     175         7
     173        12
     166        16
     165         9
     162         2
     154        14
     149         1
     144        18
     131         6
     124        17
     119         1
     118        15
     117         2
     112         4
     101         9
      99        15
      83         6
      73        17
      70         7
      69        11
      67        15
      65        15
      62        13
      60        14
      58        15
      50        14
      45         8
      43         7
      42        18
      41        15
      36        13
      32         3
      27         9
      25         8
      21        17
      17        14
'TEST0076'
      36
    1000
     198         5
     194        11
     179         9
     172         9
     158        10
     152        25
     150        17
     149         5
     148         1
     141         3
     139        30
     134         6
     129        15
     127         7
     124        12
     116         4
     113         5
     108        27
     107        19
     106        18
     103         8
      96        23
      94         8
      93         7
      92         5
      90         1
      81         2
      71        11
      57         8
      56         8
      49        20
      41         9
      37        19
      34        16
      31        10
      19         7
'TEST0077'
      36
    1000
     200        38
     198         2
     195        11
     186         1
     181         1
     178        51
     173         5
     168         7
     166         2
     162         8
     161         7
     160         8
     153        17
     146        21
     135        10
     132        15
     130         2
     118        16
     110        20
     103        15
      97         4
      94         5
      88        16
      81         6
      71        15
      70         3
      61        18
      52         2
      49        19
      35         7
      34         3
      33         2
      32         2
      28        21
      24        13
      20         7
'TEST0078'
      37
    1000
     171        16
     151         9
     150        13
     148        12
     147        10
     145         4
     143        28
     142         1
     132        10
     131        12
     126         7
     125         3
     123         8
     120        14
     115        13
     114        16
     113        24
     107         3
      94         7
      90        18
      89        13
      85         1
      83         2
      80         7
      71        17
      69        12
      60        14
      59        15
      48         2
      44         4
      42        10
      39         9
      37        11
      35        17
      24        16
      16        12
      13        10
'TEST0079'
      38
    1000
     198        17
     197        29
     196        10
     189        14
     186        15
     181         2
     175        16
     154        15
     149         2
     130        11
     127         5
     126        18
     124         9
     118        12
     116         3
     111        11
     105        17
     102         5
     101        18
      97         2
      96         2
      95        10
      93         2
      90        18
      89        12
      86         9
      76         5
      62        15
      58         9
      54         5
      46        18
      36         6
      35        16
      32         7
      23        15
      21         6
      18         1
      10        13
'TEST0080'
      34
    1000
     196        12
     177        10
     169        19
     167        13
     164         5
     159        28
     151        10
     149        29
     144        17
     134         1
     130         6
     125        14
     119        18
     110        17
     101         2
      89        15
      82        16
      70         1
      68         4
      61         4
      60         8
      50        28
      49         9
      48        20
      47        14
      46        18
      41        13
      36         7
      34        10
      30        15
      25         7
      17         6
      15         4
      12         1
'TEST0081'
      36
    1000
     194        15
     184        20
     182        20
     181        21
     179         1
     173         3
     170         5
     160         5
     158        17
     156         3
     142        12
     141        19
     135         7
     134        12
     133         2
     132        26
     122         3
     108        21
     103         1
      94        22
      91         6
      85        10
      84         7
      82         7
      79        13
      78        19
      77         3
      76        18
      74         1
      67        10
      53        13
      41        10
      37        15
      26         9
      22        19
      16         5
'TEST0082'
      34
    1000
     200        22
     193         1
     192        19
     191        11
     185         9
     183        22
     181         9
     178        12
     177        19
     156         7
     148         7
     144        33
     139         7
     129         2
     121         2
     120        18
     103        14
     101        16
      85        18
      84        25
      78         1
      65         1
      59         4
      53        14
      47        10
      45        17
      41        12
      40         7
      38        18
      37         7
      30         1
      25        16
      16        10
      11         9
'TEST0083'
      37
    1000
     198        12
     183        22
     166        27
     163         7
     159         6
     157        18
     156        15
     151         7
     147        18
     140        19
     138         2
     131         8
     126        12
     123         7
     121         6
     120        12
     119        15
     118         8
     117         2
     116         6
     112        14
     110         3
     106         7
      85        10
      78        18
      76         8
      75        11
      73         1
      65        17
      62         7
      61         3
      57        18
      21        23
      18         8
      16         7
      11        13
      10         3
'TEST0084'
      40
    1000
     196        13
     194         9
     186         2
     177        17
     169        18
     166         1
     160        12
     155         1
     151         1
     149        10
     147        12
     143         5
     140        12
     138         8
     134         7
     130         5
     127        17
     126        12
     121         7
     109         6
      93         9
      88        18
      85        18
      79        16
      77         8
      66        16
      61        12
      60        12
      56         5
      55        16
      54         9
      46         7
      43        17
      33         9
      30        12
      22        12
      20        15
      17         2
      16         5
      11         7
'TEST0085'
      33
    1000
     188         9
     184        37
     169         3
     163         4
     161        11
     155        21
     154        22
     152        20
     147        22
     146         1
     140         1
     136        13
     129         2
     124        19
     120        22
     115        10
     113         9
     103         7
      94        10
      93        11
      80        15
      77         4
      75        14
      64        12
      37        10
      33         5
      32         6
      28        27
      25         6
      17        20
      14        17
      11         9
      10         1
'TEST0086'
      38
    1000
     199        22
     194        13
     191         1
     189         9
     183         7
     174         1
     165         2
     143        12
     142        23
     138         8
     127         7
     125        23
     123        20
     119         7
     118        11
     116         3
     112        22
     111        11
     108         2
     105         9
     104        11
     100         5
      96         4
      91        16
      90        20
      85         6
      79         7
      76         2
      66        15
      64        10
      35        13
      33        15
      30        10
      29        10
      25         2
      21        19
      19        16
      14         6
'TEST0087'
      36
    1000
     200        16
     193        11
     191         3
     189         6
     182        18
     181        18
     180         1
     173         4
     168        12
     167        21
     164        10
     163         9
     158        11
     155        18
     153         5
     149         7
     145         3
     143        16
     137         9
     120         2
     115        19
     107        18
      96        12
      86         1
      85        12
      79        14
      72        16
      70        15
      69         3
      58        10
      48         8
      44         4
      43        18
      31        29
      24         5
      13        16
'TEST0088'
      34
    1000
     191        16
     189        16
     177         3
     174        14
     172        13
     166        15
     165         4
     148        19
     147        20
     140         1
     127        21
     124         2
     123         8
     117         7
     109        16
     106         6
     105        16
      96         6
      95        20
      93        18
      91         4
      90        11
      83         4
      80        32
      59        16
      57         5
      52        11
      44         2
      37        15
      31         6
      20        21
      19         7
      15        23
      13         2
'TEST0089'
      36
    1000
     199         8
     194        11
     193        17
     187         8
     184         3
     182        10
     180        20
     177        21
     166         9
     163        17
     159        16
     156        35
     153        15
     115         6
     111        21
     103         4
      94         3
      93        10
      89         1
      88         5
      87        13
      86        20
      83        10
      77        16
      74        17
      72        15
      70         8
      68         1
      62         4
      53        20
      49         2
      46         8
      37        25
      34         1
      25         3
      10         1
'TEST0090'
      36
    1000
     200        14
     197         5
     194         8
     188        16
     184        14
     182        16
     170        12
     164        15
     163         5
     159        10
     146        14
     145         2
     144         3
     136        16
     130         5
     127        45
     118         1
     114         8
     111        17
     102        10
      95        15
      85        16
      77         8
      73        16
      72        22
      62         5
      60        14
      53        16
      45        10
      44        10
      41         9
      35         6
      34         6
      24         4
      23         1
      22         6
'TEST0091'
      39
    1000
     193        12
     181         5
     178        18
     171         2
     170         9
     164         7
     140         5
     130         2
     125        14
     124         5
     117        10
     112         8
     109         5
     108        11
     100         8
      93         5
      90        15
      80        10
      74         6
      69        13
      68        15
      65        15
      63         6
      58        13
      56        15
      53         6
      52         9
      51        23
      50        11
      48        10
      43        20
      41         4
      38        18
      33         6
      31         6
      27        12
      26         7
      21        17
      12        17
'TEST0092'
      37
    1000
     194         2
     190         2
     187        14
     185         4
     178        22
     169        40
     168        18
     152        19
     150         6
     148         6
     144         5
     142        15
     137         5
     134        20
     131         8
     124         6
     111         2
     107        17
     105         1
      97         6
      95         3
      94         7
      92         3
      88        22
      87         5
      70        18
      67        17
      62        22
      60        12
      59        17
      58        15
      51         5
      50         4
      28        13
      21        13
      19         3
      15         3
'TEST0093'
      40
    1000
     189         2
     183        22
     182         8
     181         3
     179         8
     176        13
     173        18
     170         5
     163        18
     162        22
     158        15
     157        21
     156         3
     139         4
     134         1
     132         9
     130        14
     129         5
     124        18
     118         4
     100         3
      95         2
      88         2
      82        18
      79        16
      77         1
      62        14
      58        15
      56         4
      55        16
      54        20
      53        17
      44         8
      43        10
      31        14
      21         1
      19        18
      18         4
      17         1
      16         3
'TEST0094'
      38
    1000
     200         1
     198         8
     197        20
     196        21
     195        20
     193         2
     191        13
     188        10
     184        18
     180         7
     174        11
     162         1
     161        22
     149        21
     146         8
     126         7
     107        15
     104         9
      91        18
      89         5
      86         1
      77        13
      65        11
      62        13
      56         1
      50         3
      48        18
      44         6
      40        10
      37        15
      27         2
      26        10
      25        17
      22         3
      21         9
      15        11
      13        14
      10         6
'TEST0095'
      38
    1000
     194        15
     183        10
     177        16
     176         2
     173        13
     160         7
     156        17
     155        15
     148         7
     132        15
     130         3
     127         1
     114         7
     109        29
      97        15
      96        17
      90        12
      89         1
      87         5
      85         5
      84         4
      78        15
      76        13
      72         5
      67         2
      60        12
      59        15
      58        11
      56         3
      39        12
      36        12
      28        18
      25        13
      21        17
      19        10
      14        10
      11        17
      10         1
'TEST0096'
      37
    1000
     191         9
     176        34
     169        13
     164        15
     163         6
     159        10
     157         8
     151         4
     149        13
     146         6
     134         7
     130         2
     129        19
     127         3
     125         5
     120         5
     104         4
      98         9
      96        13
      93         9
      80        14
      74        24
      65         5
      64        13
      61         6
      60        11
      55        16
      54        11
      51        13
      50        10
      49        28
      37        11
      32        18
      26        11
      20         8
      15         1
      12         6
'TEST0097'
      34
    1000
     192        28
     175        24
     147         4
     145        15
     144         9
     137        19
     119        14
     115        19
     111        14
     108         4
     104         6
     101        15
      98        22
      94        21
      91        16
      90         4
      87         4
      85        12
      76         7
      74         6
      71         6
      68         3
      65         5
      55         4
      54        34
      52         1
      50        13
      40         5
      31        10
      25        11
      19        20
      18         9
      16         2
      13        14
'TEST0098'
      38
    1000
     188        16
     185        10
     178        16
     168        35
     165         9
     161         5
     157        20
     142         7
     134        29
     132         6
     120        15
     114         4
     113        13
     112        13
     106         2
      90        14
      88         1
      86         8
      79        14
      71         2
      70         7
      65         1
      64         5
      62        18
      60         1
      54         1
      52         4
      51        19
      50         9
      48        21
      45        16
      41        13
      40         2
      29        11
      21        15
      17         3
      15         9
      11         6
'TEST0099'
      39
    1000
     196         4
     194         9
     191        14
     181        16
     179         6
     174         4
     170        20
     168         3
     167        19
     166        26
     150         7
     140        18
     136        17
     132        19
     128        10
     126         3
     122         7
     117        13
     115         2
     112        20
     111        11
     110         5
      96        19
      92        13
      91         1
      86         1
      84        18
      80         1
      76         2
      69         9
      64        10
      58         4
      49        19
      48        18
      39         1
      33        20
      25         3
      18         1
      12         7
'TEST0100'
      37
    1000
     199        10
     197         8
     191        14
     184        15
     183         2
     179         2
     177        18
     176        25
     172        13
     171        21
     153        12
     151         2
     149        16
     142        17
     136         3
     131        16
     104        14
     101        10
      97         7
      88        16
      76         3
      73         1
      72        15
      70        16
      58        18
      45         4
      44         3
      40         3
      37         5
      36         9
      33        17
      31         9
      30        16
      29        17
      25         3
      24        17
      15         3
