'TEST0001'
      10
    1000
     648       126
     625       129
     545       170
     529       168
     488       108
     443        40
     418        49
     277        63
     236        95
      22        52
'TEST0002'
      10
    1000
     733        39
     560       179
     407        72
     379       140
     346       162
     341       108
     308       105
     239        61
     213        28
     147       106
'TEST0003'
      10
    1000
     789        88
     750       135
     629        28
     481        37
     389        84
     172         3
     171        26
     161       209
     111       217
      93       173
'TEST0004'
      10
    1000
     792        84
     738       200
     704       102
     675        31
     557        65
     394        21
     298        64
     129       177
      54        94
      24       162
'TEST0005'
      10
    1000
     784       147
     736       120
     653       137
     626        69
     538       101
     516       132
     382       102
     254       144
     235         3
      35        45
'TEST0006'
      10
    1000
     798       245
     776        24
     729       208
     705        32
     564       235
     558         7
     473       143
     419        56
     313        33
      31        17
'TEST0007'
      10
    1000
     786       154
     568        48
     477       180
     428       142
     353        74
     312        29
     310       113
     147        42
     142       199
      89        19
'TEST0008'
      10
    1000
     765        58
     633        88
     595        64
     571        66
     545       122
     337       159
     332       138
      87       125
      77       112
      73        68
'TEST0009'
      10
    1000
     751        91
     468       152
     354       123
     241        65
     238       108
     232        75
     165        92
     160        63
     139        94
      13       137
'TEST0010'
      10
    1000
     762       173
     711       218
     610        46
     603        54
     448        38
     318       178
     312         7
     172       169
      94         6
      38       111
'TEST0011'
      10
    1000
     719       156
     664       140
     629        70
     505        19
     463        50
     351       159
     301       102
     205       134
     168       158
      91        12
'TEST0012'
      10
    1000
     798        92
     763       113
     731       102
     694        90
     662       161
     617       128
     600       125
     456        60
     288        92
      14        37
'TEST0013'
      10
    1000
     652        39
     618       159
     578        13
     373        65
     237        93
     214       199
     198       189
     163         9
     109        62
      12       172
'TEST0014'
      10
    1000
     788       158
     652       105
     512        96
     474       212
     429        48
     360        95
     346        18
     343         7
     299       100
     258       161
'TEST0015'
      10
    1000
     720       103
     619        72
     563       131
     519       110
     462       111
     456        92
     432        70
     402        87
     337       116
      82       108
'TEST0016'
      10
    1000
     677       129
     526        20
     518       114
     439       103
     381        81
     297       173
     253        53
     143        92
      56       168
      29        67
'TEST0017'
      10
    1000
     741        34
     684        59
     571       173
     525        13
     495       239
     452        86
     271       232
     103        15
      97        68
      56        81
'TEST0018'
      10
    1000
     678        45
     672       177
     634        61
     552       154
     508        21
     435       211
     339        42
     176       136
     160        40
      93       113
'TEST0019'
      10
    1000
     798       161
     789       140
     711        55
     651         6
     622        97
     505       120
     407        74
     289       119
     158        63
      89       165
'TEST0020'
       9
    1000
     391        63
     332       195
     290        52
     284       143
     271        15
     170       187
     155       239
     154        28
     102        78
'TEST0021'
      10
    1000
     776       137
     770       208
     718       170
     475        23
     387        10
     313        48
     187       181
     130       126
      81        40
      78        57
'TEST0022'
      10
    1000
     723        50
     687        74
     596       124
     580       173
     469       109
     296        63
     247        51
     143       110
      89       171
      77        75
'TEST0023'
      10
    1000
     770       140
     713        27
     699        99
     475        81
     457       172
     428        42
     392       160
     343       115
     259       133
     230        31
'TEST0024'
      10
    1000
     794       143
     695       143
     567        26
     540       190
     531        26
     440        48
     360       111
     358       150
     182        79
      20        84
'TEST0025'
      10
    1000
     684       170
     650         1
     495       144
     431        45
     424       186
     371        96
     214       141
     187         1
     134       154
      83        62
'TEST0026'
      10
    1000
     794        34
     785       150
     689       111
     598        89
     565       137
     450       190
     422       129
     210       100
      93        45
      21        15
'TEST0027'
      10
    1000
     740        75
     544       121
     496       134
     403       135
     263       152
     213        64
     195        41
     155       158
     119        86
      79        34
'TEST0028'
      10
    1000
     755        28
     732        60
     652       123
     594       137
     434        90
     398       156
     253       121
     197        65
      91       153
      82        67
'TEST0029'
       9
    1000
     742         7
     638       150
     574       130
     542        60
     506       226
     384        59
     254       163
     188       129
      91        76
'TEST0030'
      10
    1000
     750        41
     667       164
     517        33
     428        47
     336       131
     318       123
     299        97
     234       163
     226        65
     144       136
'TEST0031'
      10
    1000
     720        36
     583       133
     571        57
     570       192
     478       170
     427        90
     398        17
     367       159
     333       112
      83        34
'TEST0032'
      10
    1000
     678       113
     665       124
     505        97
     495       110
     327       107
     303         3
     232       142
     174       122
     152        50
      79       132
'TEST0033'
      10
    1000
     738       125
     665       152
     658       153
     387        28
     326        64
     279        84
     198        74
     177       115
     175       101
     149       104
'TEST0034'
      10
    1000
     766       147
     743       204
     655       197
     587       107
     575       129
     538       108
     466        22
     375        24
     154        23
      11        39
'TEST0035'
      10
    1000
     766       132
     724       167
     656        72
     536        53
     450       165
     424       128
     368       177
     270        18
     254        54
      73        34
'TEST0036'
      10
    1000
     784       132
     740       142
     651        51
     591       130
     433       116
     426       102
     278        91
     231        50
     202       107
     107        79
'TEST0037'
      10
    1000
     715        37
     650       121
     625        84
     553       100
     514        99
     508       151
     359       167
     348        75
     290        97
     182        69
'TEST0038'
      10
    1000
     787       169
     716        72
     533        15
     520       106
     410        52
     348        41
     275       168
     252        45
     134       127
     104       205
'TEST0039'
      10
    1000
     791       132
     708       139
     667        99
     605       112
     560        39
     430       127
     297         5
     283       110
     114        88
      77       149
'TEST0040'
      10
    1000
     747       130
     581       149
     549       152
     490       149
     353        75
     321         5
     169        76
      94        91
      88        72
      27       101
'TEST0041'
      10
    1000
     737       120
     620        53
     589       171
     576        61
     244        30
     170       206
     157       171
      92       113
      68        10
      16        65
'TEST0042'
       9
    1000
     774        27
     680        25
     678       143
     486       159
     276       132
     230         5
     180       110
     142       167
      82       232
'TEST0043'
      10
    1000
     741       167
     726       112
     611        49
     602       142
     598        31
     492       104
     474        48
     338       151
     255       138
     154        58
'TEST0044'
      10
    1000
     726       165
     438       169
     416        32
     360        76
     318        36
     308       158
     138       156
     103       146
      81        27
      67        35
'TEST0045'
      10
    1000
     757         1
     665        76
     549        47
     535       203
     374        84
     304        33
     301       277
     278        82
     118       138
      60        59
'TEST0046'
      10
    1000
     742        32
     710        30
     572       141
     535       219
     490       192
     487       155
     413        58
     342        67
     248         8
      22        98
'TEST0047'
       9
    1000
     794       220
     761        22
     651       237
     466         8
     376        95
     304        53
     281       114
     149       187
      91        64
'TEST0048'
      10
    1000
     775       232
     726        91
     551       239
     496        64
     460        37
     269       177
     250         8
     248        75
      57        35
      56        42
'TEST0049'
      10
    1000
     607       151
     578         2
     503       216
     430        64
     339        88
     215        33
     196        88
     160       192
     146       121
      75        45
'TEST0050'
      10
    1000
     770        92
     735       130
     639        53
     620       153
     544        37
     439       124
     347        54
     254        36
     137       144
      78       177
'TEST0051'
      10
    1000
     783        78
     752        64
     694       183
     599        82
     378       166
     256       125
     175        19
     164        18
     151       176
     113        89
'TEST0052'
      10
    1000
     707       108
     545       143
     452         9
     381        19
     365       162
     327       138
     283       148
     254       131
     204        92
      37        50
'TEST0053'
      10
    1000
     646        91
     450        23
     445        37
     325       114
     208       215
     116        56
      87       107
      68        77
      54       199
      42        81
'TEST0054'
      10
    1000
     674       160
     639        30
     603       201
     560        65
     559       172
     298        47
     256        77
     251        83
      79        71
      76        94
'TEST0055'
      10
    1000
     783       107
     666        51
     618        13
     587       169
     515        25
     398       176
     368        62
     299       161
     198       215
      83        21
'TEST0056'
      10
    1000
     744       120
     723        36
     692       112
     675       130
     599       145
     591        43
     452       162
     388        11
     178        76
      42       165
'TEST0057'
      10
    1000
     799        62
     778       131
     645        61
     443       151
     439       130
     408       132
     392        34
     347        97
     195       111
     172        91
'TEST0058'
      10
    1000
     649       142
     568        27
     480        79
     451       107
     438       191
     430       118
     376        51
     270         2
     207       200
     189        83
'TEST0059'
      10
    1000
     587       175
     581       221
     509        43
     494        57
     417       128
     326       142
     277        25
     183       105
     119        76
     111        28
'TEST0060'
      10
    1000
     756       169
     632       157
     569        33
     442        69
     385        42
     340       126
     251        78
     131       143
      74       152
      68        31
'TEST0061'
      10
    1000
     649       167
     637       120
     592       111
     494        21
     428         9
     414        33
     390       180
     378         1
     113       142
      36       216
'TEST0062'
       9
    1000
     754       169
     735        48
     693       106
     633        46
     598       298
     336       118
     135       145
     118        28
      67        42
'TEST0063'
       9
    1000
     757       128
     705         2
     640         2
     529       115
     488       148
     420       162
     248       142
     237       125
      77       176
'TEST0064'
      10
    1000
     601       226
     579        31
     563        53
     554        51
     503       285
     495        61
     491        77
     447        49
     277       130
      93        37
'TEST0065'
      10
    1000
     643       134
     405        16
     354        82
     345       112
     265       168
     209       161
     180       181
     118        95
      79        13
      42        38
'TEST0066'
      10
    1000
     747       173
     714        33
     638       135
     564        81
     409        67
     382       139
     195       149
     149        68
      65       151
      23         4
'TEST0067'
      10
    1000
     734        27
     638       180
     376       158
     354        76
     347        69
     319        47
     309        58
     273        33
     189       203
      96       149
'TEST0068'
      10
    1000
     651       137
     463       179
     440        37
     259       148
     222       153
     191        29
     143        91
     129        71
      97       137
      80        18
'TEST0069'
      10
    1000
     760        53
     660        28
     588       194
     557       140
     471        94
     463       170
     428        50
     413       165
     244        27
     182        79
'TEST0070'
      10
    1000
     699       122
     660       110
     567        98
     463       148
     440       107
     362       193
     314        18
     306        65
     302        61
     254        78
'TEST0071'
      10
    1000
     672        94
     618        74
     595       141
     557       105
     433        15
     186       160
      82       160
      74        58
      64        90
      60       103
'TEST0072'
      10
    1000
     735       131
     697       114
     689       133
     688        36
     583        62
     582        81
     448       178
     435       121
     195       134
     115        10
'TEST0073'
      10
    1000
     722       182
     721        98
     718        22
     670        33
     467       179
     417       113
     414       119
     314        98
     182       127
      30        29
'TEST0074'
      10
    1000
     777         1
     708        52
     682       104
     508        19
     461        95
     455       175
     426        77
     330       110
     295       239
     226       128
'TEST0075'
      10
    1000
     792        94
     764       104
     698        25
     663       138
     658       154
     574       103
     534        29
     501        89
     459       114
     436       150
'TEST0076'
      10
    1000
     724        49
     711       241
     610       199
     545        75
     426         4
     312       231
     300         1
     120        69
     119        51
      16        80
'TEST0077'
      10
    1000
     676       196
     658       106
     449        72
     420       138
     360        91
     245       130
     156       113
     125        37
     116        72
      61        45
'TEST0078'
      10
    1000
     798        42
     732       114
     702       144
     671         6
     666       129
     516        96
     477       164
     469        64
     402       134
     104       107
'TEST0079'
      10
    1000
     759       129
     669       145
     559        94
     550        85
     472       134
     411       109
     298        90
     290        24
     240       135
      93        55
'TEST0080'
      10
    1000
     676        45
     664       114
     532       107
     508        79
     452       131
     447        58
     442        16
     290        89
     252       161
      39       200
'TEST0081'
      10
    1000
     696       173
     692        77
     691       267
     584        61
     462        39
     358        15
     261        30
     200        63
     184       123
     126       152
'TEST0082'
      10
    1000
     790        83
     678        90
     652       153
     593        30
     470        55
     300        27
     283       156
     280       199
      81       161
      56        46
'TEST0083'
      10
    1000
     512       106
     370        89
     331        97
     326        64
     247       135
     163        72
     154       124
     153       120
     104        71
      79       122
'TEST0084'
      10
    1000
     790       113
     665       180
     590       204
     503        45
     452        96
     359        98
     240        35
     224        64
     183        17
     100       148
'TEST0085'
      10
    1000
     762        77
     757        76
     668       108
     627       140
     536        91
     522       108
     445         9
     163       115
     115       155
     105       121
'TEST0086'
       9
    1000
     797       105
     695       171
     661        79
     655        57
     457        83
     311        94
     303       108
     122       139
     110       164
'TEST0087'
      10
    1000
     706       112
     699        78
     684       178
     638       117
     624       109
     550        33
     518        64
     448        72
     225       185
      11        52
'TEST0088'
      10
    1000
     769        98
     749       145
     728       145
     595       121
     510        57
     243        69
     185       108
      89       154
      74         9
      23        94
'TEST0089'
      10
    1000
     786        84
     662       150
     623       170
     594        46
     532        36
     435       187
     320         1
     255       117
     196        78
      39       131
'TEST0090'
      10
    1000
     727        45
     711       104
     656        75
     638       137
     431         6
     366       138
     326        32
     297         9
     232        49
     230       405
'TEST0091'
      10
    1000
     783       188
     718       108
     676        97
     643       117
     376        44
     272       161
      92        59
      40       143
      34        81
      29         2
'TEST0092'
      10
    1000
     596        54
     532       121
     482       154
     417        45
     298       165
     295       163
     210        61
     170       109
     132         1
     106       127
'TEST0093'
      10
    1000
     763        29
     612        59
     607        77
     590        22
     554        24
     259       103
     234       225
     226       195
     156       103
      46       163
'TEST0094'
      10
    1000
     794        36
     749       220
     703        40
     653       147
     580       201
     569        51
     491         4
     464       205
     420        53
     334        43
'TEST0095'
      10
    1000
     782        43
     750       147
     686       208
     610       152
     571       176
     466        62
     309        54
     245       103
      88        27
      35        28
'TEST0096'
      10
    1000
     786       109
     774        88
     644        50
     632       104
     571       137
     548        49
     430        15
     386       162
     150       151
      20       135
'TEST0097'
      10
    1000
     745        21
     714       156
     578       150
     549       161
     544        75
     517        87
     469       142
     314       155
     164        49
     103         4
'TEST0098'
      10
    1000
     745       128
     701        83
     694       128
     673        81
     397        72
     384        97
     333        28
     199       158
      80       102
      73       123
'TEST0099'
      10
    1000
     683        32
     667        22
     537       187
     504       127
     460        85
     256        96
     201       100
     192        25
     127       124
      62       202
'TEST0100'
       9
    1000
     780       331
     704       111
     674        47
     650        30
     552        51
     425        42
     339         2
     171       203
      90       183
