'TEST0001'
      40
    1000
     767       123
     763        42
     749       204
     694        40
     684        26
     667       194
     649        99
     630        22
     622       162
     618        42
     606        81
     594       124
     587        25
     563        34
     562        77
     529         3
     519        24
     510       192
     502       199
     499       158
     491       182
     489         4
     480       101
     455        31
     452        75
     427       205
     410       143
     403       191
     399       174
     374        12
     372        85
     370       203
     369       104
     363        31
     354        65
     333        22
     308        65
     304       179
     277        95
     209       162
'TEST0002'
      39
    1000
     799        94
     795       115
     794       212
     788        22
     784       128
     782        82
     770        36
     755        83
     752       153
     746        38
     733       143
     728        44
     704       166
     688       131
     684        68
     668        27
     621       105
     616        39
     614       184
     608        17
     601       147
     584        18
     551       207
     546        90
     511       154
     483        17
     481       171
     430        88
     386       160
     378        21
     371        60
     336        92
     279        66
     278        68
     257       126
     243       165
     219       144
     216       247
     211        72
'TEST0003'
      40
    1000
     790       135
     771        33
     763        60
     732        17
     730        71
     726       147
     677       103
     656       128
     651        40
     630        94
     621       159
     618       143
     609        72
     565        19
     558        51
     554       162
     548       104
     533       136
     492       161
     468        11
     461       122
     454       135
     445       142
     434       163
     429        92
     375       156
     373        58
     368         1
     330       149
     323       126
     318        93
     314       114
     311       104
     298        91
     291       162
     264       129
     221       126
     216        61
     214        93
     203        37
'TEST0004'
      39
    1000
     791       144
     765       106
     736        93
     693       107
     689       121
     688       117
     662       168
     652        78
     632       131
     581       139
     571        97
     564       177
     553       149
     518       149
     476       125
     466        95
     464       117
     455       157
     453       144
     443        58
     431        68
     421         5
     420        11
     419       102
     388       158
     383       122
     375       120
     372        88
     355        32
     343       106
     316        17
     312        94
     311        84
     275        66
     242       143
     238        44
     224        76
     216       138
     201        54
'TEST0005'
      40
    1000
     763       106
     756       171
     747       163
     732        21
     712       209
     707        40
     703       132
     674        74
     646       207
     626       186
     611       186
     606       162
     591        63
     587         7
     578       112
     568       138
     543        85
     536       138
     523        73
     487       191
     450        25
     401        39
     398        73
     392        43
     359        70
     353       101
     338        86
     326        74
     314        39
     312        38
     305        60
     302       185
     279        49
     271       136
     266        14
     263       178
     251        63
     235       164
     234        26
     230        73
'TEST0006'
      40
    1000
     784       175
     782        95
     777       116
     741        62
     738       190
     715        55
     708       172
     707        83
     702       105
     677       112
     645       114
     633        22
     584        80
     564        66
     553       140
     552        34
     549       130
     521        94
     519       108
     486        25
     430        43
     419        87
     418       139
     417       132
     383       107
     380       196
     357       130
     349         3
     345        87
     335       171
     334       132
     311       132
     301        24
     291       176
     263        24
     260        44
     254       102
     252       139
     251        73
     227        81
'TEST0007'
      40
    1000
     800       114
     795        44
     789        48
     747        60
     716       172
     712        92
     697       126
     686        26
     669        34
     666        16
     656        84
     647       136
     622       150
     572       151
     568       170
     540        72
     534        46
     520       177
     518        96
     514        38
     513        57
     510       137
     474        19
     473       170
     447        44
     419        91
     397       151
     355        17
     352       100
     345       175
     334        33
     310        71
     294       146
     284       162
     263       106
     255       185
     240       144
     209        77
     204       181
     202        82
'TEST0008'
      38
    1000
     762        75
     760       108
     756       129
     739        96
     736        17
     716        89
     699       132
     677       129
     660       164
     647        82
     643        34
     642       125
     631        54
     628       180
     604       159
     603        84
     585        16
     577       254
     517        71
     515       112
     484        68
     463        51
     448        73
     434        16
     420       151
     414       114
     407       154
     402        33
     385       139
     370       153
     364       119
     355       135
     335       132
     334         3
     308       175
     302       150
     262        62
     222       162
'TEST0009'
      40
    1000
     790        14
     774        78
     770       140
     756        53
     753       155
     742        90
     738       164
     698       114
     692        57
     690        96
     644       118
     638       149
     629        64
     625        47
     606       148
     601       114
     573       159
     567        17
     559        48
     546        31
     513       139
     509       158
     498        48
     486       126
     477        42
     460       168
     440        90
     427        92
     404        58
     343        21
     327       158
     325       171
     310        62
     309       156
     305       140
     299       123
     268       110
     265        60
     263       129
     201        93
'TEST0010'
      40
    1000
     790        64
     736       147
     735       133
     727        23
     686       156
     678        15
     667        61
     637       123
     612       174
     597        94
     587       155
     583       163
     581       116
     578       132
     561        46
     559       150
     516         6
     511       129
     505       103
     504       175
     471        77
     466        36
     465        18
     457       107
     456        69
     436       164
     427        19
     420       127
     413         4
     401       120
     384       142
     354       163
     331       167
     315       164
     310        82
     297         5
     294        83
     288       100
     272        79
     232       109
'TEST0011'
      38
    1000
     780       142
     776        35
     767       141
     752        79
     709       175
     708       116
     677       111
     676       172
     663       144
     640        59
     630       176
     623       119
     601        51
     562       150
     560        33
     534       110
     533        51
     515       160
     478       145
     402        60
     380        14
     377        17
     370        84
     367        97
     347        71
     329        31
     321        22
     312       172
     300        74
     284       103
     268       180
     262       219
     255       122
     244       171
     229       170
     218       158
     213        30
     205        36
'TEST0012'
      36
    1000
     779        22
     767        74
     756       255
     732        38
     707       205
     698       214
     627       214
     609       225
     607       136
     599        85
     571       215
     565         8
     563        86
     506        48
     478       103
     476       170
     459        56
     452       148
     423       209
     421        13
     404       123
     381        13
     376        71
     369        66
     365       196
     352       198
     318       187
     295        73
     285       193
     282        51
     280        30
     266       143
     238         7
     221        60
     209        29
     202        36
'TEST0013'
      39
    1000
     799        44
     777       182
     752        65
     751        98
     716        28
     690        38
     686       197
     678       206
     664        41
     653       157
     640        68
     631        56
     618       160
     605        72
     584       146
     575       109
     526        17
     519        16
     511       154
     508        77
     456        52
     450        73
     425       149
     386        95
     383       186
     377        84
     362       118
     356        99
     341        65
     324       124
     320       164
     317        11
     313        22
     303       186
     296       158
     284       170
     251       151
     249       105
     203        57
'TEST0014'
      40
    1000
     785       179
     740        90
     704       152
     683       141
     678       117
     650        17
     618       134
     617        83
     583        44
     534        67
     530        79
     527        38
     509         9
     504       124
     491        19
     448       129
     439        46
     418       118
     416       157
     409        15
     387       103
     383        39
     379         8
     357       137
     352       135
     350       166
     346       158
     335       170
     324        88
     301       154
     288       130
     280        39
     262       122
     258       141
     256       157
     252        46
     250       175
     244        12
     234        83
     225       179
'TEST0015'
      39
    1000
     799        30
     783        79
     696       148
     685       171
     683       143
     674        32
     624       121
     568        51
     557        94
     552       169
     535       128
     529       162
     526        32
     525        41
     521        93
     519       104
     518        18
     517        77
     502        56
     492        21
     490        19
     478       184
     470        36
     465        72
     456        98
     436       128
     423       111
     411        17
     398       166
     396       221
     350       384
     349        39
     340        81
     336        49
     326       148
     323        92
     281       169
     267       180
     205        36
'TEST0016'
      39
    1000
     789       163
     765        59
     751       124
     748       134
     727       106
     719       124
     707        17
     694       193
     686        61
     676       180
     673       143
     647         5
     642       128
     639        58
     611       108
     607       181
     570       158
     567       139
     546       196
     517       113
     507       153
     491        69
     489       141
     480       128
     469       124
     448        22
     368       143
     359       147
     351       125
     296       126
     295        17
     282        30
     279        28
     278       159
     252        34
     243        43
     221        27
     220        73
     203        21
'TEST0017'
      40
    1000
     800       182
     760       100
     734       210
     729        90
     726        76
     719        25
     694        52
     684       106
     681        87
     677        98
     671        28
     670       189
     621       166
     594        80
     529        73
     503        49
     500        61
     482        35
     480       213
     477       157
     461       186
     454        35
     440       125
     435       131
     434        62
     393        72
     351        25
     341        39
     329        53
     314        20
     312       162
     305       211
     282        43
     252       174
     247       179
     241        34
     237       107
     224        83
     214       161
     210        21
'TEST0018'
      38
    1000
     780       129
     769        17
     723       100
     702       143
     694       150
     643        15
     640        13
     639        42
     627       156
     623       105
     615        82
     565       157
     562       117
     550        17
     544       356
     528        64
     526        99
     521       114
     518       103
     506        44
     492       171
     468       100
     443       160
     437       160
     431       162
     424        25
     422       135
     403       135
     395       122
     385       106
     382       123
     378        34
     337        58
     331        76
     330       165
     272       112
     271       125
     253         8
'TEST0019'
      37
    1000
     783       168
     781       274
     771       153
     741       145
     740       125
     738       109
     730       144
     710       117
     701        95
     624       106
     606       117
     579        28
     577       155
     559       173
     547       116
     542        33
     538       100
     516       129
     512       167
     511       143
     509        67
     507        93
     465       134
     451        65
     443       156
     431       160
     416        25
     388        34
     364       169
     330       140
     326        52
     304         3
     292       162
     270         1
     245        49
     215        36
     202        57
'TEST0020'
      40
    1000
     799       131
     748        69
     725       129
     711       111
     706        96
     702       179
     698       157
     693        67
     692        55
     631        20
     602       139
     589       156
     584       101
     559        91
     554       144
     549       117
     543        97
     538        26
     533       146
     525        59
     511       119
     498       125
     495         7
     488        58
     475       105
     465       103
     438       106
     393       156
     388       159
     386        67
     379        41
     325       103
     313        97
     311        72
     297       118
     287        52
     280        14
     271        81
     239       146
     217       181
'TEST0021'
      39
    1000
     792        37
     723       130
     721        37
     718        94
     717        25
     715        62
     708        18
     688        82
     642        83
     636        40
     617       156
     603       131
     594       143
     549        95
     543       199
     538       107
     497       183
     464       177
     441       105
     432       177
     420       151
     413        45
     407       170
     405        91
     390        23
     351       202
     344        60
     343       115
     332       128
     323        56
     318        99
     316       158
     288       179
     277       123
     270        86
     259        31
     254        56
     235        15
     229       131
'TEST0022'
      36
    1000
     798       120
     793       155
     772        48
     769       150
     768       137
     743       113
     721       140
     700       154
     694         1
     690       203
     681        74
     668       167
     620       110
     603       103
     600        31
     589        60
     578       241
     576        51
     565        18
     539       165
     530       160
     519       130
     493         3
     489        52
     474       112
     469        39
     466       169
     429       120
     422       157
     397       157
     316       131
     285        62
     280        74
     276       117
     272       167
     230       109
'TEST0023'
      40
    1000
     789       182
     759        72
     745        23
     732         8
     707       211
     695         7
     691         5
     677       173
     665       100
     646       193
     643       203
     624       117
     596       105
     591       126
     549        48
     523       174
     519        64
     470       154
     449        87
     440         1
     436        55
     433       160
     418        33
     386        26
     369       142
     367        79
     344        78
     343       111
     341        44
     337       129
     308        59
     306       132
     278       168
     251        50
     246       180
     233       178
     222        67
     209       119
     206         2
     201       135
'TEST0024'
      39
    1000
     796       182
     775       108
     772        55
     766       132
     762       159
     727        19
     726         6
     715       174
     698       142
     688        71
     657        32
     653       107
     641       152
     633       111
     625       129
     614        46
     613        39
     577        75
     565        20
     545        21
     511        89
     462       327
     446       183
     396         2
     389       132
     370        33
     364       149
     350        99
     337       127
     330       117
     311        95
     306        53
     303       112
     293       148
     274        53
     261        17
     257       175
     227       163
     210       146
'TEST0025'
      38
    1000
     759       176
     758        80
     741        51
     737       181
     735        14
     725        66
     722       142
     720       254
     703        27
     693        19
     631       155
     623       106
     622        70
     609        79
     606        83
     605        20
     585       103
     549       168
     536        22
     518       178
     501       207
     494       207
     484        43
     473       186
     466       111
     460       146
     445       172
     438        88
     431       122
     369       157
     344        94
     317        40
     292        25
     272        44
     270        35
     253         1
     248       171
     207       157
'TEST0026'
      39
    1000
     761        13
     757       155
     755        98
     754       130
     734       193
     712       180
     711       139
     709        20
     708        89
     705        28
     699        78
     656        93
     645       206
     631        82
     628        86
     622       206
     621        61
     609        36
     594        13
     588        18
     580        28
     574        59
     559       160
     558         1
     552       153
     539       198
     521       112
     517        50
     493       123
     478       122
     415       182
     384       126
     383       153
     301       149
     292       128
     261        17
     257       188
     238        43
     226        84
'TEST0027'
      38
    1000
     792       175
     774        93
     773        88
     765       137
     736        21
     701       119
     685       118
     667       178
     610        10
     598        64
     571        18
     565       161
     547       169
     542        19
     534       112
     532        57
     530        61
     526       125
     499       154
     487       125
     473         3
     464       132
     462       169
     440        83
     439        76
     421       172
     419        58
     410        57
     362       101
     361       115
     330       149
     327       120
     308       141
     304       139
     287        32
     266       156
     263       157
     239       136
'TEST0028'
      38
    1000
     792        17
     754       107
     751       125
     735       133
     725        59
     715        70
     698        15
     654       122
     636        37
     592        18
     584       200
     573       104
     546        33
     545       130
     543         3
     526        94
     518       188
     463       180
     440        55
     438        62
     429        87
     419        90
     413        60
     405        41
     391        12
     382       177
     373       118
     366       172
     356       189
     349       200
     343        17
     342        32
     338       365
     316       114
     315       149
     274       188
     273       183
     259        54
'TEST0029'
      35
    1000
     785       193
     784       148
     753        48
     728       199
     726       111
     706       120
     703       100
     615       150
     608        69
     605       103
     600       208
     594       372
     590        94
     582       133
     551       128
     544        82
     510       159
     498         2
     479       136
     476        68
     459        13
     437        30
     433        97
     425       136
     424        37
     399        53
     390       138
     355       106
     323       178
     314       193
     274       162
     240        49
     232        29
     206       104
     202        52
'TEST0030'
      38
    1000
     779        31
     772        24
     727       181
     726        81
     719        44
     662         6
     659        92
     656       154
     640        89
     621       115
     618        45
     605       138
     602       158
     598        99
     591        41
     566       101
     539       155
     496         1
     494       126
     492       133
     463        49
     453         5
     452       183
     443       185
     442       152
     441       301
     433       110
     426       144
     421        69
     402       113
     367       182
     306       136
     286       146
     259       164
     254        32
     248        60
     234        88
     204        67
'TEST0031'
      37
    1000
     749        93
     742       183
     708        92
     706        33
     701       155
     685       126
     681         8
     656        39
     627        80
     608       148
     607       170
     588        61
     567       141
     551        25
     535        66
     526        51
     488       176
     483        44
     475       187
     469       125
     455        42
     413       172
     388       195
     375       161
     374        85
     347       105
     345       126
     335        26
     332        50
     331        18
     322       158
     312       147
     308        69
     260       186
     231       181
     227        48
     222       228
'TEST0032'
      40
    1000
     779       112
     770        79
     761       131
     746       182
     729       177
     716       177
     666       123
     645        27
     625        81
     621        40
     611        36
     608       128
     595       133
     593         3
     592       167
     589       109
     562        22
     557       105
     527       129
     525       144
     523       155
     518        39
     517       115
     491        98
     481        25
     457       110
     453        13
     450       113
     418         5
     407        67
     387       152
     316       121
     298       133
     285       157
     269       151
     244       162
     243       168
     214        18
     205        75
     200        18
'TEST0033'
      39
    1000
     793       137
     767       165
     764       141
     763       106
     723        56
     718       102
     710         7
     704       128
     688       236
     671        50
     669       112
     666       107
     651       137
     641        87
     640       160
     594       146
     553        10
     547        80
     534       137
     515       165
     498         2
     490       180
     482        22
     466       159
     390       140
     379        72
     359       133
     356        94
     325        79
     319        36
     294       154
     272        88
     252       146
     242       104
     241        77
     237        44
     227       132
     218        56
     209        13
'TEST0034'
      39
    1000
     798       109
     773        83
     772       171
     739       177
     728       176
     724        12
     694       177
     684       152
     677        97
     644        46
     635       144
     633       164
     592        45
     583        70
     562       168
     541         6
     536        31
     535        98
     528       101
     518       106
     517        38
     503        95
     464        95
     459        88
     438        87
     422       169
     406         2
     394       116
     387        55
     376       151
     357        38
     336       117
     335        63
     305       166
     284       142
     273        38
     268       210
     264       170
     204        27
'TEST0035'
      40
    1000
     779        55
     777       136
     753       164
     738        82
     734       158
     732       123
     728       119
     713        13
     699       132
     697       115
     690        32
     670       153
     660       112
     648        82
     647       151
     622        28
     604        51
     603       157
     600        70
     586        13
     573       120
     557       102
     546       118
     545        88
     510        48
     467        71
     378       179
     377       126
     372       124
     302       147
     287       170
     285        69
     283        22
     282        47
     281       182
     251        31
     250        50
     236       169
     226       169
     205        22
'TEST0036'
      39
    1000
     791        13
     786        64
     771       161
     768       132
     765       117
     740         3
     709       123
     702       194
     701        52
     689       194
     678        20
     666         8
     663        95
     599        31
     595       123
     561       150
     521       187
     515        82
     507       101
     490        61
     463       141
     455       152
     454       143
     450       129
     448       128
     412       173
     404        62
     403       193
     384       139
     349        67
     336        42
     333        74
     332       278
     331        21
     324        26
     261        25
     243        59
     235       181
     217        56
'TEST0037'
      38
    1000
     773       150
     771       135
     768       141
     756       202
     754        20
     752        10
     742        65
     739       102
     720       116
     703       126
     690        84
     623        73
     618       108
     601       112
     594       155
     571       183
     570       101
     567        28
     534       123
     487       335
     486         9
     483       180
     480        23
     458        64
     429        82
     391        23
     359       111
     338        87
     335       101
     314       174
     312        74
     287       192
     261        17
     258        16
     240        43
     236       166
     231       104
     214       165
'TEST0038'
      37
    1000
     759       147
     758       189
     755       111
     744       196
     728        72
     710        73
     670         5
     668        28
     662        31
     660       169
     639       104
     612        55
     602       169
     599       111
     595       236
     564       144
     554         5
     531        75
     529        97
     528        99
     507       182
     490       176
     484        13
     476        51
     461        19
     451        68
     446       194
     442        16
     417       132
     414       162
     406        67
     388        29
     341       184
     320        91
     297       163
     289       171
     254       166
'TEST0039'
      39
    1000
     777        78
     771       181
     699       168
     678       195
     668        96
     666        85
     640        10
     631       131
     621        95
     620       184
     615       102
     602       114
     595       184
     589        50
     588        38
     581       160
     578       175
     567        32
     564       154
     549       127
     543        71
     542       199
     516       193
     468        71
     461       154
     457        11
     412        92
     406        41
     384        30
     368        27
     353        63
     324        98
     318       185
     305        94
     301       105
     267        84
     260        38
     215        23
     206        62
'TEST0040'
      40
    1000
     793       100
     792       107
     791       181
     789        30
     772       182
     767        15
     754        48
     723       175
     708       130
     700        69
     664       171
     626        62
     607        62
     601       149
     565       123
     549        59
     528       171
     520        66
     507        66
     469        89
     460       161
     444       163
     443       128
     431        13
     428        11
     395        92
     371       143
     363       166
     345        21
     344        95
     333        75
     329       129
     309        15
     308        97
     290       112
     284       149
     268        86
     247        45
     217        82
     203       162
'TEST0041'
      40
    1000
     777        73
     772         8
     768        98
     712       103
     676        19
     639       140
     637       183
     633       169
     623        69
     613        43
     609       115
     600       150
     595       134
     590       138
     588        40
     585       149
     563       166
     560        33
     554       136
     534        51
     510        12
     489        50
     478        37
     439        98
     430       117
     417       217
     405       110
     382        51
     365        15
     362         3
     360       136
     345       134
     325        45
     310       182
     309       202
     256        48
     254        73
     219       200
     216       142
     200       111
'TEST0042'
      39
    1000
     796        50
     790        23
     778       109
     771         5
     749       133
     738       161
     727        97
     709        76
     702        58
     623       161
     606       120
     598        42
     596       115
     576       121
     572        15
     540       172
     537       122
     532       148
     508        62
     498         4
     437       169
     431       168
     409         3
     408       120
     406       119
     404        92
     395        26
     370       176
     355       148
     333       160
     329        87
     310        35
     299       173
     298       143
     264       120
     249        18
     246       269
     241        86
     240        94
'TEST0043'
      39
    1000
     776       141
     722        62
     721        99
     719       161
     717        25
     707        89
     701       175
     685       163
     666       184
     663       151
     660       119
     626        68
     590        64
     583        76
     547        80
     518        46
     488        58
     481       140
     479       159
     468        89
     444         2
     428       183
     425        28
     413        73
     399         9
     385       203
     381       107
     374       129
     368        64
     346        46
     320       191
     312        78
     299       205
     284       103
     249        54
     236       172
     219        45
     216        56
     206       103
'TEST0044'
      39
    1000
     786        39
     781       138
     777        79
     756        53
     742       150
     737       119
     718        83
     714       144
     683       138
     677       172
     673       127
     664       108
     662       152
     622         9
     605        89
     604       130
     601       118
     581        96
     572        32
     543       113
     537        35
     462        21
     461       123
     459       112
     440        33
     414       109
     399       241
     367        14
     365        42
     364       166
     326        42
     312       119
     307        66
     296       145
     288        89
     276       150
     268        92
     229       157
     200       155
'TEST0045'
      38
    1000
     790       149
     783       119
     777       170
     746       137
     743       165
     729        33
     720       131
     702        12
     675       170
     671       175
     640        47
     628         6
     627        16
     608       122
     560        92
     556       111
     550       107
     513        18
     512       181
     498       154
     494       296
     484        63
     482        81
     443        95
     436       138
     419       162
     396       150
     379        33
     374       116
     373        33
     370        88
     366        39
     310       147
     298        22
     285       116
     279        32
     263       143
     261       131
'TEST0046'
      38
    1000
     736        78
     708        51
     704       151
     686        31
     680        16
     675        28
     646       186
     642        23
     620         6
     601        95
     567       175
     557       117
     549        43
     525       231
     517        99
     500       146
     493         1
     475        67
     473        93
     460       206
     457        99
     429        48
     427        21
     415        93
     382       112
     378       186
     376        61
     362        72
     329       201
     324        96
     297       182
     292        42
     287       194
     285       215
     261       222
     240        55
     233       171
     205        87
'TEST0047'
      40
    1000
     790       190
     776        55
     773       115
     744        48
     740       160
     721        67
     708        33
     695       169
     685        61
     674       124
     666        10
     617        60
     612       181
     607       142
     604       177
     595         9
     583       172
     579       193
     554        77
     541       166
     520        50
     506        22
     500        73
     450       187
     412        54
     405       133
     388        41
     379       136
     320       110
     312        52
     300       114
     287         8
     283       160
     282        61
     271       170
     266        40
     257       141
     251        51
     227        25
     221       163
'TEST0048'
      36
    1000
     794       163
     788       128
     771       104
     767       197
     762       141
     748       155
     728       184
     726       173
     718       160
     684       112
     679       108
     665       191
     655        29
     650        86
     607       190
     580       150
     577        14
     557       178
     539       146
     531       143
     529        31
     506        41
     439       216
     413        84
     399         7
     352       111
     330         4
     317        87
     316       138
     309       133
     298        31
     261       160
     258        16
     243        36
     230        90
     212        63
'TEST0049'
      38
    1000
     799       139
     791        66
     752       156
     748       140
     711       109
     705        10
     696       128
     681        36
     613       141
     609        75
     587       161
     585       146
     576       115
     557       133
     543         5
     493       143
     484        73
     481       115
     467        95
     460       130
     455        64
     449        77
     413       163
     401       122
     398       104
     395       223
     386        13
     361       112
     336        88
     332       156
     311        14
     295       156
     289       132
     268       159
     254       129
     253        43
     245        56
     235        73
'TEST0050'
      40
    1000
     800       137
     787        29
     779        60
     771       137
     742        89
     732       166
     730       144
     721       166
     715       117
     683       160
     648       146
     635       151
     614        78
     597        50
     581       131
     580        88
     530       145
     520       155
     519       123
     515       126
     508        99
     447       139
     446         6
     435        31
     410        80
     405        19
     404        20
     395        57
     390        58
     380        13
     369        91
     368       117
     342        81
     283       159
     275       168
     272       103
     265       170
     259        33
     247         4
     235       154
'TEST0051'
      39
    1000
     758       167
     748        45
     741       188
     729        35
     727       151
     723        94
     716         1
     692       125
     688       108
     670        32
     655       179
     654        14
     646       127
     614       132
     601        47
     594        24
     554        32
     538       185
     500       183
     492       160
     470       162
     453        43
     434        58
     429       177
     408        76
     381        14
     357        25
     354        45
     331       185
     313        76
     289       115
     282       154
     259       173
     258        16
     257       149
     233        72
     213       112
     210        63
     209       256
'TEST0052'
      37
    1000
     784        36
     780       126
     772        30
     754       152
     751       262
     749       160
     739       190
     736       112
     715        80
     693       124
     689        82
     649       124
     622       181
     615       144
     610       101
     574       200
     566       185
     564       158
     545       114
     541       181
     484       137
     479       123
     477        11
     444       175
     422       201
     417         6
     409       193
     361        23
     359       122
     355         3
     352         4
     332        28
     311       110
     310        35
     269        11
     254        49
     202        27
'TEST0053'
      39
    1000
     800        87
     791       141
     788        51
     772        17
     762        43
     751        79
     702        72
     698        98
     680       164
     656        53
     629       158
     624       158
     585       162
     558        56
     545        78
     523        45
     511        26
     497        99
     487       172
     461       159
     411       147
     395        84
     392       105
     390        40
     386       168
     376       107
     375       159
     365       181
     348       117
     344        52
     341        75
     338       159
     337        60
     317        76
     308       103
     270        33
     258       183
     245       184
     210        49
'TEST0054'
      39
    1000
     800       214
     792        83
     790        88
     785       117
     774        54
     769        38
     755       149
     722       147
     703       112
     693        65
     683         2
     682       142
     679        66
     673       138
     671        27
     640       133
     604       148
     548       127
     515        63
     509       142
     496        25
     464        22
     460       170
     452       132
     446        81
     426       131
     425        24
     396       151
     367        12
     351       139
     340       148
     313         4
     300       154
     298       172
     275       153
     272        49
     267       212
     255       100
     253        66
'TEST0055'
      40
    1000
     782        19
     779       128
     774        76
     772       124
     757       122
     748       136
     742       156
     739       187
     736       185
     716       169
     699       163
     688       101
     676       188
     674       108
     660       126
     640       121
     599        75
     564       177
     562       130
     549        17
     548         5
     547       109
     511       127
     481       149
     479        52
     472        72
     441        66
     422        71
     393        21
     392        72
     330        64
     296         1
     266       136
     263        39
     250       149
     234       138
     224        37
     218        92
     212        19
     202        73
'TEST0056'
      39
    1000
     783       155
     770         2
     768        81
     759        84
     757        59
     722        76
     716       182
     693       130
     689       107
     680       175
     675       150
     674       143
     659        74
     651       165
     639        49
     593       101
     568       156
     562       164
     560       104
     534       187
     510       123
     496        58
     476        10
     405        38
     402       182
     390       170
     373       102
     352         6
     334       105
     320       135
     310        77
     300       170
     284        88
     263        13
     259        51
     252        42
     237        60
     228        42
     217       184
'TEST0057'
      38
    1000
     787        82
     783       195
     775        26
     773        18
     764        36
     751        89
     734        65
     727       196
     723       145
     717       203
     696        15
     692       235
     675        30
     661        98
     657       146
     642       101
     605        92
     588       184
     577       178
     509        26
     506        44
     494       128
     491       120
     489        42
     454       196
     393        89
     389       123
     374        22
     348        78
     342       131
     336        69
     321       121
     299       141
     289       202
     256         5
     244       151
     235       153
     226        25
'TEST0058'
      39
    1000
     768        14
     765        73
     762       206
     739       202
     729        25
     717        19
     696         7
     683        79
     679       134
     675        41
     639       210
     635       131
     624       129
     615       191
     613        79
     601       140
     600       130
     582        15
     562        31
     535        24
     529        83
     505        22
     499       173
     494        20
     471       155
     438        90
     421        70
     420        59
     413        82
     411        91
     399       154
     377       179
     347       145
     340        47
     311       181
     310       198
     272        29
     257       180
     215       162
'TEST0059'
      37
    1000
     796       194
     795        54
     778       109
     774        34
     760        45
     758        14
     743        45
     735       173
     730       141
     718       151
     715       198
     671       175
     659       192
     652        43
     651        92
     645        79
     621       116
     604        24
     600       154
     530       218
     500        13
     484        96
     471       138
     444        83
     403       158
     389        56
     356        15
     340       119
     298       133
     297       146
     294        78
     284        72
     276       257
     259         1
     254       160
     235       108
     206       116
'TEST0060'
      40
    1000
     783       100
     768        66
     766        96
     765       164
     756        82
     744       128
     724       111
     716       152
     712       112
     695       140
     677       133
     667        68
     655       132
     639        79
     599        46
     591        54
     585       162
     581        59
     580        21
     571       112
     570        73
     513        84
     508       117
     493       140
     462       107
     431        50
     418       120
     411       101
     404       122
     401        16
     381        51
     339        90
     325       133
     309       177
     302        89
     298        62
     279       150
     261       174
     224        86
     219        41
'TEST0061'
      39
    1000
     795        15
     756       193
     750       113
     742        88
     722       103
     693        97
     669        80
     644        21
     634        79
     628        29
     624        38
     609       104
     603       118
     599        89
     594       113
     577       160
     569        83
     568        55
     493        41
     476       117
     434        37
     421       188
     413        25
     394       119
     379       144
     359       206
     357        18
     349       100
     317       147
     314        68
     295         7
     289       133
     262       302
     257       206
     249       113
     228         5
     227       102
     220       193
     213       151
'TEST0062'
      37
    1000
     755       167
     736       120
     715       168
     702       151
     696        87
     693        42
     676        16
     660       158
     654        83
     602       152
     592       124
     589       193
     581        83
     580       127
     572        45
     561       189
     554        11
     548        17
     547        30
     534        38
     532       122
     522       316
     517       188
     473       113
     445        51
     413        56
     391       254
     356        94
     341        49
     336        32
     335       121
     322       160
     300        60
     299        72
     260       100
     246       162
     214        49
'TEST0063'
      40
    1000
     786       163
     778       116
     757        57
     747        75
     742        98
     741       139
     739        48
     719       199
     703        33
     688       166
     672       164
     626        78
     618        75
     614       152
     599         6
     586       174
     543       184
     528        33
     523        52
     517       192
     505       130
     456        10
     440        16
     402        72
     400       135
     387       170
     386       196
     385       117
     353       183
     334        65
     332       103
     302        39
     274        18
     257         6
     252        42
     251        67
     225       188
     217        30
     215       163
     209        46
'TEST0064'
      39
    1000
     794       158
     788         6
     761       126
     756        82
     735        98
     728       189
     707       157
     701       121
     695        59
     676       137
     657        71
     646       159
     590        91
     573       174
     567        77
     566        74
     554        80
     536        29
     489       103
     488       163
     477        80
     475       184
     454       111
     443        40
     433        73
     403         7
     397        34
     395       132
     374       188
     373        66
     339        29
     338       141
     332       110
     330       126
     232       158
     231        25
     228        67
     212       121
     211       154
'TEST0065'
      40
    1000
     788       141
     734       135
     731       164
     716        56
     715        27
     702       163
     657        23
     650        73
     644        69
     637        53
     634        31
     624        63
     603        35
     593       168
     559        18
     538        72
     526        54
     509         7
     499       117
     465        48
     464       122
     457       148
     438       211
     417        60
     413        68
     407       131
     382       135
     376        18
     374       191
     369        89
     367       197
     359        61
     336       152
     320       197
     312        27
     307       202
     292       195
     271       121
     249        63
     243        95
'TEST0066'
      40
    1000
     790       185
     744       146
     743        68
     736        29
     730         1
     725       227
     673        40
     672        38
     666       125
     643        58
     608       128
     603       125
     574        36
     567       102
     564        71
     543       104
     541       224
     504        98
     494       220
     464         5
     456        61
     446       127
     425        64
     417       148
     412       166
     408        36
     380       106
     374        78
     361       114
     354        17
     335        43
     327       216
     297        64
     286        34
     270       227
     267        98
     257        84
     247       104
     241        47
     219       136
'TEST0067'
      39
    1000
     789       278
     785       199
     742        63
     740       175
     724        55
     707       193
     679        34
     664        43
     655        31
     622        12
     616        99
     607        57
     595        43
     590        28
     577       158
     563       113
     493       169
     479        33
     454       115
     440       184
     419       155
     381       145
     373         8
     367       130
     364       159
     353       117
     344       108
     333       181
     327        48
     322        66
     313       106
     299        96
     278        42
     256       140
     250        88
     243       139
     223        43
     213        79
     207        68
'TEST0068'
      39
    1000
     796        92
     773        90
     754       101
     744       114
     739       102
     738        53
     728        95
     717         5
     706       113
     652        70
     647        72
     606        26
     579        41
     573        48
     547       171
     540       132
     538       103
     536       197
     526       124
     525       111
     513       175
     502        70
     495        92
     492       167
     486        79
     477       100
     415        31
     365       139
     345       172
     335       158
     326       136
     324        86
     315         3
     306       120
     286       151
     280       106
     223       181
     222       145
     203        29
'TEST0069'
      36
    1000
     788       139
     770         4
     765        67
     740       207
     731        76
     720       139
     712       219
     698       201
     697        68
     677        54
     670       194
     639       178
     626       217
     613       110
     608        37
     557        11
     515       119
     507       142
     505       115
     496        10
     476        30
     471        98
     464        88
     445       201
     436        23
     431       122
     389        20
     375        72
     356        58
     296       122
     284       141
     282       196
     274        75
     264       104
     261       246
     222        97
'TEST0070'
      38
    1000
     794       148
     785         6
     766       135
     741       102
     732        32
     728        19
     707        82
     689        82
     680        22
     670        43
     630         4
     596       167
     583        14
     557       158
     548        26
     530       142
     516       185
     514       155
     508        16
     505       183
     493       296
     488       155
     480       148
     461       101
     458        31
     429       183
     413        51
     402       169
     391        39
     386        24
     384       177
     363       129
     306        96
     262       168
     230       137
     228        40
     225       172
     203       163
'TEST0071'
      40
    1000
     791       193
     774       147
     766       104
     753        20
     734       107
     724        97
     704        23
     702       130
     699        72
     698        89
     665        34
     636       173
     626        77
     625       161
     612       160
     609       169
     560        51
     554        91
     546       165
     526        55
     506       133
     502        71
     473        65
     462       113
     454        68
     452       102
     439        30
     430        84
     388        81
     383        87
     375        20
     351        83
     340       173
     312       156
     296        45
     293        36
     282       160
     270       102
     228       179
     206        94
'TEST0072'
      40
    1000
     773        58
     771        63
     764        67
     755        80
     748       112
     739       118
     721       145
     710       155
     695       171
     685        44
     651       107
     646        79
     639       113
     621       184
     606       169
     590        25
     580        71
     557        85
     551        78
     534       152
     516       113
     475        18
     454        45
     451         9
     442       132
     438        17
     406       100
     402       154
     370       162
     366       137
     360       110
     354        70
     347       173
     341       171
     331        22
     328       173
     322       153
     277        44
     250        19
     241       102
'TEST0073'
      40
    1000
     772       202
     770       122
     740        20
     724       143
     716       113
     714       161
     706        52
     705        23
     673       149
     644        31
     613       123
     589        77
     557       135
     531         7
     513       104
     502        51
     494         7
     475        62
     464        25
     460       149
     437       204
     423       110
     415        20
     408        25
     400       168
     391       145
     362       198
     358       170
     348        46
     320       175
     317        73
     301       185
     286       156
     272       150
     269        45
     257         6
     241       191
     239       103
     225        42
     200        32
'TEST0074'
      40
    1000
     786       161
     763        94
     760        32
     759       138
     752        21
     739       136
     726        34
     718        67
     708        42
     701        20
     670       177
     657        84
     649       146
     603        28
     595         1
     573        77
     558        73
     549       180
     544        83
     535        53
     522       151
     509       149
     444       182
     434        87
     416       155
     387       132
     380       105
     375        68
     367       179
     364       172
     361       122
     352        92
     288        65
     287       142
     270       138
     266        14
     231       152
     214        67
     205       104
     202        77
'TEST0075'
      40
    1000
     781         2
     772        24
     762        96
     721        68
     715       123
     691       160
     689        85
     678        25
     653       143
     638         4
     623       179
     581        57
     561       165
     545         5
     540       153
     538        17
     523        43
     488        91
     482       149
     432        58
     398       167
     390        66
     388       114
     380       145
     374       154
     365       128
     357       142
     354        37
     353       109
     326       142
     310        79
     306        67
     302       183
     298       151
     284       129
     269        34
     254        88
     249        85
     237       167
     222       166
'TEST0076'
      39
    1000
     792        52
     781       114
     732        87
     712        88
     667       102
     648        65
     647       188
     640       168
     639        47
     636        14
     615        34
     608       125
     607       175
     592        63
     576       149
     568        66
     561       119
     536        37
     525        49
     508       265
     505       195
     503       183
     494        84
     473        55
     472       167
     464        76
     463        70
     460        47
     454         7
     424        18
     393       112
     349        83
     346        80
     324       199
     297        86
     287       190
     276       163
     267       104
     228        74
'TEST0077'
      38
    1000
     800       185
     799       194
     792        19
     784       105
     756         4
     739        10
     729       201
     728       303
     715        51
     697        73
     693        18
     679        78
     676        66
     673        84
     651       166
     629       207
     593        99
     584       147
     578        18
     541       161
     515       201
     494       147
     474        43
     465        45
     448       157
     424        65
     392       148
     389        27
     361       182
     334        24
     323       190
     279        72
     275        25
     274        18
     271        16
     258       205
     245       127
     233       119
'TEST0078'
      37
    1000
     707       161
     644        90
     643       127
     634       116
     633       101
     624        38
     620       280
     616         6
     583        96
     581       119
     566        68
     563        33
     557        81
     548       137
     530       131
     528       165
     524       240
     507        28
     467        66
     453       180
     450       128
     438         9
     431        17
     422        73
     394       170
     387       118
     358       135
     354       152
     319        20
     307        36
     301       101
     291        91
     286       110
     279       166
     245       160
     220       128
     210       123
'TEST0079'
      39
    1000
     791       292
     790       157
     785       102
     763       145
     755       150
     738        16
     720       157
     654       150
     639        20
     579       109
     568        52
     567       178
     561        86
     540       119
     534        26
     519       114
     501       166
     490        48
     489       176
     476        22
     472        19
     470        55
     468        49
     461        18
     452       178
     449       120
     440        92
     408        51
     366       152
     352        93
     338        52
     313       177
     282        59
     279       162
     271        68
     242       150
     236        60
     227         9
     202       151
'TEST0080'
      37
    1000
     787       116
     726        99
     701       190
     696       129
     685        55
     670       121
     669       161
     646        99
     638       290
     624       171
     592        13
     578        63
     564       138
     546       184
     515       166
     486        21
     450       146
     426       162
     389         6
     385        35
     363        35
     357        75
     327       124
     326       159
     322        94
     320        67
     319       130
     316       136
     315       179
     297       126
     281        71
     275       101
     264       151
     248        72
     224        56
     217        37
     206        22
'TEST0081'
      37
    1000
     781       138
     748       205
     742       200
     738       212
     732        10
     713        32
     705        52
     674        55
     666       169
     659        32
     618       119
     613        32
     612       156
     595        69
     592       117
     590        25
     586       261
     554        32
     510       212
     493         2
     466       222
     454        64
     437        98
     434        65
     427        69
     418       130
     415       189
     412        33
     410       184
     402         5
     382        99
     338       126
     300       105
     287       152
     251        87
     238       188
     220        54
'TEST0082'
      36
    1000
     800       213
     778         2
     774       195
     770       111
     752        94
     746       220
     741        89
     731       121
     727       186
     662        72
     636        69
     622       321
     608        69
     577        23
     549        23
     547       180
     495       138
     488        24
     487       139
     437       180
     434       219
     433        33
     414         1
     375        11
     355        42
     336       138
     318       100
     310       168
     299       120
     295        67
     290       177
     286        70
     264         7
     249       158
     219       102
     204       118
'TEST0083'
      37
    1000
     791       116
     744       222
     692       272
     682        71
     671        61
     665       180
     661       154
     646        74
     633        40
     631       138
     610       186
     603        16
     583        77
     566        22
     565       104
     555        67
     552        59
     546       116
     544       154
     541        85
     538        19
     535        62
     522       142
     515        33
     503        69
     436        97
     416       178
     409        77
     406       109
     400         4
     375       166
     363        94
     350       180
     236       226
     225        80
     219        70
     203       180
'TEST0084'
      40
    1000
     787       128
     780        88
     754        24
     727       165
     702       182
     690         8
     673       121
     658         5
     645        14
     638        95
     631       123
     618        47
     609       124
     604        80
     591        74
     578        46
     569       174
     567       123
     551        71
     512        63
     461        89
     447       175
     438       185
     418       164
     411        83
     378       158
     361       122
     359       119
     345        50
     343       158
     338        93
     316        70
     305       167
     272        90
     263       121
     240       119
     233       152
     222        22
     221        45
     204        63
'TEST0085'
      34
    1000
     760        88
     749       158
     748       212
     701        29
     682        37
     676       107
     656       360
     653        73
     647       197
     631       220
     629         7
     611         9
     598       127
     576        23
     561       194
     547       218
     532       103
     525        35
     524        47
     494        72
     464        97
     461       105
     423       155
     411        39
     405       143
     371       121
     288       105
     273        47
     271        62
     258       270
     249        62
     224       203
     213       175
     203       100
'TEST0086'
      39
    1000
     795       219
     779       131
     772         2
     765        89
     745        71
     716         1
     688        22
     620       115
     617       230
     605        79
     569        66
     561       229
     556       199
     545        70
     542        93
     540        23
     534        34
     521       217
     519       107
     511        18
     499        85
     498       109
     484        50
     473        44
     456       160
     452       200
     437        57
     418        66
     409        22
     378       152
     372        97
     280       128
     272       149
     264        99
     261        98
     248        23
     236       188
     230       157
     215       101
'TEST0087'
      40
    1000
     800       157
     777       111
     772        26
     764        60
     743       179
     738       175
     736        14
     713        36
     698       120
     697        23
     695       190
     684       100
     682        94
     668       110
     657        79
     656        97
     652        54
     640        74
     626        34
     618       161
     601        92
     546        15
     531       171
     530        16
     508       180
     470       118
     440         4
     438       118
     420       143
     396       162
     390       145
     388        26
     351        96
     322        75
     307        45
     304       175
     269       103
     267       193
     244        50
     210       179
'TEST0088'
      39
    1000
     772       157
     764       159
     727        32
     716       139
     712       107
     710        16
     693       152
     688        36
     635       191
     633       200
     609         9
     568       210
     561        16
     558        81
     539        71
     512       156
     504        48
     503        10
     501       163
     472        60
     469       196
     462       175
     456        39
     452       114
     431        36
     422       154
     421       169
     357        95
     354        59
     349        54
     332       113
     308        17
     286       146
     269        56
     233       200
     232         7
     229        72
     218       233
     211        52
'TEST0089'
      40
    1000
     797        85
     781       111
     776       169
     758        79
     750         4
     749        21
     743        95
     737       197
     725       206
     693        89
     681       167
     669       155
     662       154
     660       202
     651       146
     531        57
     519       209
     495        38
     465        27
     461       101
     449        14
     446        54
     442       133
     441        76
     439       122
     431        97
     411       164
     404       170
     395       146
     390        79
     385         3
     365        40
     336       197
     323        22
     315        79
     287        39
     285       207
     277        13
     249        26
     200         7
'TEST0090'
      39
    1000
     799       142
     789        54
     780        85
     762       157
     749       141
     743       162
     704       116
     685       151
     683        46
     671        97
     630       143
     627        23
     621        25
     596       161
     579        53
     571        18
     569       253
     568       181
     541         4
     529        82
     517       175
     492        99
     467       153
     436       156
     411        77
     399       160
     397       142
     396        79
     364        48
     357       135
     337       164
     312       100
     307        98
     298        87
     281        60
     277        58
     244        45
     242         3
     239        67
'TEST0091'
      39
    1000
     777       122
     740        53
     729       176
     708        17
     703        94
     685        70
     612        54
     578        24
     562       136
     561        47
     537       100
     524        85
     514        50
     509       113
     485        81
     462        48
     452       146
     421        98
     404        57
     385       132
     383       147
     375       149
     367        60
     352       132
     345       151
     336        62
     334        86
     330       232
     327       111
     321        95
     305       202
     299        38
     288       180
     272        60
     266        59
     254       125
     251        68
     235       174
     207       166
'TEST0092'
      39
    1000
     779        22
     767        20
     757       138
     752        38
     731       108
     729       108
     703       393
     700       182
     649       195
     641        64
     634        56
     623        53
     618       150
     600        52
     590       197
     583        78
     559        60
     518        21
     506       165
     499         1
     475        58
     470        35
     465        72
     460        25
     445       223
     444        53
     391       143
     388        36
     381       173
     365       220
     358       116
     355       168
     353       147
     329        47
     327        38
     258       125
     237       130
     228        29
     218        61
'TEST0093'
      40
    1000
     764        18
     746       217
     741        85
     740        34
     733        82
     725       127
     714       177
     705        46
     683       178
     681       222
     667       152
     662       211
     661        28
     608        43
     590        10
     586        88
     578       135
     575        52
     560       178
     541        40
     483        33
     470        20
     446        20
     427       177
     419       157
     413        11
     366       145
     351       153
     346        39
     342       162
     341       197
     336       173
     307        75
     304        96
     267       145
     236        14
     228       183
     226        37
     225         7
     221        33
'TEST0094'
      38
    1000
     798         1
     792        81
     790       201
     787       207
     783       199
     778        18
     769       129
     763        99
     750       176
     735        74
     719       111
     679        11
     677       216
     639       205
     628        76
     566        70
     506       148
     497        92
     456       184
     450        52
     441         8
     411       132
     374       111
     365       133
     346         5
     328        26
     321       181
     309        57
     295       103
     287       150
     254        16
     250       100
     248       170
     239        30
     237        86
     218       114
     210       144
     201        84
'TEST0095'
      40
    1000
     781       145
     746       101
     726       164
     725        24
     715       129
     672        67
     662       166
     658       145
     637        65
     586       119
     584        28
     580        27
     569         5
     528        66
     513       111
     512       180
     476       150
     471       174
     452       125
     450         5
     442        47
     436        54
     433        44
     414       151
     408       129
     396        50
     381        15
     358       121
     355       154
     351       109
     347        31
     292       117
     284       124
     258       178
     248       125
     236       165
     229        99
     213       100
     205       171
     201        20
'TEST0096'
      39
    1000
     770        93
     724       347
     702       128
     686       150
     682        59
     671        96
     665        82
     645        40
     639       126
     629        61
     592        75
     580        19
     576       188
     570        29
     562        55
     547        46
     497        40
     478        92
     471       133
     463        87
     421       144
     403        98
     401       142
     374        50
     371       127
     361        64
     357       109
     344       158
     338       113
     331       134
     328       105
     325       132
     324       150
     286       113
     271       183
     252       113
     232        76
     217        14
     209        29
'TEST0097'
      39
    1000
     773       280
     721        68
     720       175
     633        40
     626       153
     622        92
     599       191
     544       138
     531       194
     520       137
     508        42
     495        56
     488       145
     479       167
     478        52
     466       165
     464        45
     455       165
     453        29
     452         1
     445        36
     436       125
     409        74
     402        62
     393        65
     385        29
     374        48
     342        42
     341       183
     340       156
     332        15
     325       134
     296        55
     267       104
     247       114
     231       196
     227        89
     221        17
     211       121
'TEST0098'
      40
    1000
     760       163
     752        96
     730       163
     698       141
     697       214
     688        89
     676        49
     663       204
     617        66
     592       176
     590       107
     586        64
     546       153
     529        35
     524       130
     523       125
     504        16
     452       144
     446         6
     442        80
     419       143
     393        15
     389        72
     373         3
     370        45
     366       184
     359         2
     338        12
     332        41
     329       195
     328        86
     320       214
     311       158
     298       125
     294        21
     259       110
     236       148
     223        29
     217        90
     204        86
'TEST0099'
      40
    1000
     786        35
     781        91
     770       145
     740       162
     734        61
     716        41
     703       203
     698        26
     694       189
     692        80
     691       181
     643        67
     611       179
     597       171
     583       194
     573        97
     565        35
     553        73
     538       128
     532        19
     522       203
     518       109
     515        54
     473       189
     459       128
     457        10
     441        11
     435       184
     421        14
     410        18
     387        93
     370       100
     353        40
     324       190
     320       183
     293         6
     273       197
     249        34
     226         3
     207        57
'TEST0100'
      39
    1000
     795       103
     791        84
     771       137
     748       150
     745        25
     731        21
     725       176
     723        91
     722       161
     711       128
     708       205
     650       117
     646        15
     639       165
     615       168
     597        34
     582       164
     498       143
     486       100
     476        66
     448       123
     445        41
     409        30
     399         2
     396       149
     389       155
     352       176
     312        43
     308        28
     294        32
     287        54
     282        87
     273       171
     267        94
     266       162
     262       172
     249        27
     244       173
     217        28
