'TEST0001'
      40
    1000
     767        12
     763         4
     749        20
     694         4
     684         3
     667        19
     649        10
     630         2
     622        16
     618         4
     606         8
     594        12
     587         3
     563         3
     562         8
     529         1
     519         2
     510        19
     502        20
     499        16
     491        18
     489         1
     480        10
     455         3
     452         8
     427        20
     410        14
     403        19
     399        17
     374         1
     372         8
     370        20
     369        10
     363         3
     354         7
     333         2
     308         6
     304        18
     277        10
     209        19
'TEST0002'
      39
    1000
     799         9
     795        11
     794        21
     788         2
     784        13
     782         8
     770         4
     755         8
     752        15
     746         4
     733        14
     728         4
     704        17
     688        13
     684         7
     668         3
     621        10
     616         4
     614        18
     608         2
     601        15
     584         2
     551        21
     546         9
     511        15
     483         2
     481        17
     430         9
     386        16
     378         2
     371         6
     336         9
     279         7
     278         7
     257        13
     243        17
     219        14
     216        25
     211         7
'TEST0003'
      40
    1000
     790        14
     771         3
     763         6
     732         2
     730         7
     726        15
     677        10
     656        13
     651         4
     630         9
     621        16
     618        14
     609         7
     565         2
     558         5
     554        16
     548        10
     533        14
     492        16
     468         1
     461        12
     454        13
     445        14
     434        16
     429         9
     375        16
     373         6
     368         1
     330        15
     323        13
     318         9
     314        11
     311        10
     298         9
     291        16
     264        13
     221        13
     216         6
     214         9
     203         5
'TEST0004'
      39
    1000
     791        14
     765        11
     736         9
     693        11
     689        12
     688        12
     662        17
     652         8
     632        13
     581        14
     571        10
     564        18
     553        15
     518        15
     476        12
     466         9
     464        12
     455        16
     453        14
     443         6
     431         7
     421         1
     420         1
     419        10
     388        16
     383        12
     375        12
     372         9
     355         3
     343        11
     316         2
     312         9
     311         8
     275         7
     242        14
     238         4
     224         8
     216        14
     201         4
'TEST0005'
      40
    1000
     763        11
     756        17
     747        16
     732         2
     712        21
     707         4
     703        13
     674         7
     646        21
     626        19
     611        19
     606        16
     591         6
     587         1
     578        11
     568        14
     543         9
     536        14
     523         7
     487        19
     450         2
     401         4
     398         7
     392         4
     359         7
     353        10
     338         9
     326         7
     314         4
     312         4
     305         6
     302        18
     279         5
     271        14
     266         1
     263        18
     251         6
     235        16
     234         3
     230         8
'TEST0006'
      40
    1000
     784        18
     782        10
     777        12
     741         6
     738        19
     715         6
     708        17
     707         8
     702        10
     677        11
     645        11
     633         2
     584         8
     564         7
     553        14
     552         3
     549        13
     521         9
     519        11
     486         2
     430         4
     419         9
     418        14
     417        13
     383        11
     380        20
     357        13
     349         1
     345         9
     335        17
     334        13
     311        13
     301         2
     291        18
     263         2
     260         4
     254        10
     252        14
     251         7
     227         9
'TEST0007'
      40
    1000
     800        11
     795         4
     789         5
     747         6
     716        17
     712         9
     697        13
     686         3
     669         3
     666         2
     656         8
     647        14
     622        15
     572        15
     568        17
     540         7
     534         5
     520        18
     518        10
     514         4
     513         6
     510        14
     474         2
     473        17
     447         4
     419         9
     397        15
     355         2
     352        10
     345        18
     334         3
     310         7
     294        15
     284        16
     263        11
     255        18
     240        14
     209         8
     204        18
     202         7
'TEST0008'
      38
    1000
     762         7
     760        11
     756        13
     739        10
     736         2
     716         9
     699        13
     677        13
     660        16
     647         8
     643         3
     642        12
     631         5
     628        18
     604        16
     603         8
     585         2
     577        25
     517         7
     515        11
     484         7
     463         5
     448         7
     434         2
     420        15
     414        11
     407        15
     402         3
     385        14
     370        15
     364        12
     355        14
     335        13
     334         1
     308        17
     302        15
     262         6
     222        19
'TEST0009'
      40
    1000
     790         1
     774         8
     770        14
     756         5
     753        15
     742         9
     738        16
     698        11
     692         6
     690        10
     644        12
     638        15
     629         6
     625         5
     606        15
     601        11
     573        16
     567         2
     559         5
     546         3
     513        14
     509        16
     498         5
     486        13
     477         4
     460        17
     440         9
     427         9
     404         6
     343         2
     327        16
     325        17
     310         6
     309        16
     305        14
     299        12
     268        11
     265         6
     263        13
     201         9
'TEST0010'
      40
    1000
     790         6
     736        15
     735        13
     727         2
     686        16
     678         2
     667         6
     637        12
     612        17
     597         9
     587        15
     583        16
     581        12
     578        13
     561         5
     559        15
     516         1
     511        13
     505        10
     504        18
     471         8
     466         4
     465         2
     457        11
     456         7
     436        16
     427         2
     420        13
     413         1
     401        12
     384        14
     354        16
     331        17
     315        16
     310         8
     297         1
     294         8
     288        10
     272         8
     232        10
'TEST0011'
      38
    1000
     780        14
     776         3
     767        14
     752         8
     709        18
     708        12
     677        11
     676        17
     663        14
     640         6
     630        18
     623        12
     601         5
     562        15
     560         3
     534        11
     533         5
     515        16
     478        15
     402         6
     380         1
     377         2
     370         8
     367        10
     347         7
     329         3
     321         2
     312        17
     300         7
     284        10
     268        18
     262        22
     255        12
     244        17
     229        17
     218        16
     213         3
     205         5
'TEST0012'
      36
    1000
     779         2
     767         7
     756        26
     732         4
     707        21
     698        21
     627        21
     609        22
     607        14
     599         8
     571        22
     565         1
     563         9
     506         5
     478        10
     476        17
     459         6
     452        15
     423        21
     421         1
     404        12
     381         1
     376         7
     369         7
     365        20
     352        20
     318        19
     295         7
     285        19
     282         5
     280         3
     266        14
     238         1
     221         6
     209         3
     202         3
'TEST0013'
      39
    1000
     799         4
     777        18
     752         7
     751        10
     716         3
     690         4
     686        20
     678        21
     664         4
     653        16
     640         7
     631         6
     618        16
     605         7
     584        15
     575        11
     526         2
     519         2
     511        15
     508         8
     456         5
     450         7
     425        15
     386         9
     383        19
     377         8
     362        12
     356        10
     341         7
     324        12
     320        16
     317         1
     313         2
     303        19
     296        16
     284        17
     251        15
     249        11
     203         3
'TEST0014'
      40
    1000
     785        18
     740         9
     704        15
     683        14
     678        12
     650         2
     618        13
     617         8
     583         4
     534         7
     530         8
     527         4
     509         1
     504        12
     491         2
     448        13
     439         5
     418        12
     416        16
     409         1
     387        10
     383         4
     379         1
     357        14
     352        13
     350        17
     346        16
     335        17
     324         9
     301        15
     288        13
     280         4
     262        12
     258        14
     256        16
     252         5
     250        18
     244         1
     234         8
     225        17
'TEST0015'
      39
    1000
     799         3
     783         8
     696        15
     685        17
     683        14
     674         3
     624        12
     568         5
     557         9
     552        17
     535        13
     529        16
     526         3
     525         4
     521         9
     519        10
     518         2
     517         8
     502         6
     492         2
     490         2
     478        18
     470         4
     465         7
     456        10
     436        13
     423        11
     411         2
     398        17
     396        22
     350        38
     349         4
     340         8
     336         5
     326        15
     323         9
     281        17
     267        18
     205         4
'TEST0016'
      39
    1000
     789        16
     765         6
     751        12
     748        13
     727        11
     719        12
     707         2
     694        19
     686         6
     676        18
     673        14
     647         2
     642        13
     639         6
     611        11
     607        18
     570        16
     567        14
     546        20
     517        11
     507        15
     491         7
     489        14
     480        13
     469        12
     448         2
     368        14
     359        15
     351        13
     296        13
     295         2
     282         3
     279         3
     278        16
     252         3
     243         4
     221         3
     220         7
     203         1
'TEST0017'
      40
    1000
     800        18
     760        10
     734        21
     729         9
     726         8
     719         3
     694         5
     684        11
     681         9
     677        10
     671         3
     670        19
     621        17
     594         8
     529         7
     503         5
     500         6
     482         4
     480        21
     477        16
     461        19
     454         3
     440        12
     435        13
     434         6
     393         7
     351         3
     341         4
     329         5
     314         2
     312        16
     305        21
     282         4
     252        17
     247        18
     241         3
     237        11
     224         8
     214        16
     210         2
'TEST0018'
      38
    1000
     780        13
     769         2
     723        10
     702        14
     694        15
     643         2
     640         1
     639         4
     627        16
     623        10
     615         8
     565        16
     562        12
     550         2
     544        36
     528         6
     526        10
     521        11
     518        10
     506         4
     492        17
     468        10
     443        16
     437        16
     431        16
     424         2
     422        13
     403        14
     395        12
     385        11
     382        12
     378         3
     337         6
     331         8
     330        17
     272        11
     271        12
     253         2
'TEST0019'
      37
    1000
     783        17
     781        27
     771        15
     741        15
     740        13
     738        11
     730        14
     710        12
     701         9
     624        11
     606        12
     579         3
     577        16
     559        17
     547        12
     542         3
     538        10
     516        13
     512        17
     511        14
     509         7
     507         9
     465        13
     451         6
     443        16
     431        17
     416         2
     388         3
     364        17
     330        14
     326         5
     304         1
     292        16
     270         1
     245         5
     215         4
     202         3
'TEST0020'
      40
    1000
     799        13
     748         7
     725        13
     711        11
     706        10
     702        18
     698        16
     693         7
     692         5
     631         2
     602        14
     589        16
     584        10
     559         9
     554        14
     549        12
     543        10
     538         3
     533        15
     525         6
     511        12
     498        12
     495         1
     488         6
     475        10
     465        10
     438        11
     393        16
     388        16
     386         7
     379         4
     325        10
     313        10
     311         7
     297        12
     287         5
     280         1
     271         8
     239        15
     217        16
'TEST0021'
      39
    1000
     792         4
     723        13
     721         4
     718         9
     717         2
     715         6
     708         2
     688         8
     642         8
     636         4
     617        16
     603        13
     594        14
     549         9
     543        20
     538        11
     497        18
     464        18
     441        10
     432        18
     420        15
     413         5
     407        17
     405         9
     390         2
     351        20
     344         6
     343        11
     332        13
     323         6
     318        10
     316        16
     288        18
     277        12
     270         9
     259         3
     254         6
     235         1
     229        14
'TEST0022'
      36
    1000
     798        12
     793        16
     772         5
     769        15
     768        14
     743        11
     721        14
     700        15
     694         1
     690        21
     681         7
     668        17
     620        11
     603        10
     600         3
     589         6
     578        24
     576         5
     565         2
     539        16
     530        16
     519        13
     493         1
     489         5
     474        11
     469         4
     466        17
     429        12
     422        16
     397        16
     316        13
     285         6
     280         7
     276        12
     272        17
     230         9
'TEST0023'
      40
    1000
     789        18
     759         7
     745         2
     732         1
     707        21
     695         1
     691         1
     677        17
     665        10
     646        19
     643        20
     624        12
     596        11
     591        13
     549         5
     523        17
     519         6
     470        15
     449         9
     440         1
     436         5
     433        16
     418         3
     386         3
     369        14
     367         8
     344         8
     343        11
     341         4
     337        13
     308         6
     306        13
     278        17
     251         5
     246        18
     233        18
     222         7
     209        12
     206         1
     201        12
'TEST0024'
      39
    1000
     796        18
     775        11
     772         6
     766        13
     762        16
     727         2
     726         1
     715        17
     698        14
     688         7
     657         3
     653        11
     641        15
     633        11
     625        13
     614         5
     613         4
     577         8
     565         2
     545         2
     511         9
     462        33
     446        18
     396         1
     389        13
     370         3
     364        15
     350        10
     337        13
     330        12
     311        10
     306         5
     303        11
     293        15
     274         5
     261         2
     257        17
     227        16
     210        13
'TEST0025'
      38
    1000
     759        18
     758         8
     741         5
     737        18
     735         1
     725         7
     722        14
     720        25
     703         3
     693         2
     631        16
     623        11
     622         7
     609         8
     606         8
     605         2
     585        10
     549        17
     536         2
     518        18
     501        21
     494        21
     484         4
     473        19
     466        11
     460        15
     445        17
     438         9
     431        12
     369        16
     344         9
     317         4
     292         2
     272         4
     270         4
     253         1
     248        17
     207        14
'TEST0026'
      39
    1000
     761         1
     757        16
     755        10
     754        13
     734        19
     712        18
     711        14
     709         2
     708         9
     705         3
     699         8
     656         9
     645        21
     631         8
     628         9
     622        21
     621         6
     609         4
     594         1
     588         2
     580         3
     574         6
     559        16
     558         1
     552        15
     539        20
     521        11
     517         5
     493        12
     478        12
     415        18
     384        13
     383        15
     301        15
     292        13
     261         2
     257        19
     238         4
     226         6
'TEST0027'
      38
    1000
     792        18
     774         9
     773         9
     765        14
     736         2
     701        12
     685        12
     667        18
     610         1
     598         6
     571         2
     565        16
     547        17
     542         2
     534        11
     532         6
     530         6
     526        13
     499        15
     487        12
     473         1
     464        13
     462        17
     440         8
     439         8
     421        17
     419         6
     410         6
     362        10
     361        12
     330        15
     327        12
     308        14
     304        14
     287         3
     266        16
     263        16
     239        11
'TEST0028'
      38
    1000
     792         2
     754        11
     751        13
     735        13
     725         6
     715         7
     698         1
     654        12
     636         4
     592         2
     584        20
     573        10
     546         3
     545        13
     543         1
     526         9
     518        19
     463        18
     440         6
     438         6
     429         9
     419         9
     413         6
     405         4
     391         1
     382        18
     373        12
     366        17
     356        19
     349        20
     343         2
     342         3
     338        37
     316        11
     315        15
     274        19
     273        18
     259         4
'TEST0029'
      35
    1000
     785        19
     784        15
     753         5
     728        19
     726        11
     706        12
     703        10
     615        15
     608         7
     605        10
     600        20
     594        38
     590         9
     582        13
     551        13
     544         8
     510        16
     498         1
     479        14
     476         7
     459         1
     437         3
     433        10
     425        14
     424         4
     399         5
     390        14
     355        11
     323        18
     314        19
     274        16
     240         5
     232         3
     206        10
     202         5
'TEST0030'
      38
    1000
     779         3
     772         2
     727        18
     726         8
     719         4
     662         1
     659         9
     656        15
     640         9
     621        11
     618         4
     605        14
     602        16
     598        10
     591         4
     566        10
     539        15
     496         1
     494        12
     492        13
     463         5
     453         1
     452        18
     443        18
     442        15
     441        30
     433        11
     426        14
     421         7
     402        11
     367        18
     306        14
     286        15
     259        16
     254         3
     248         6
     234         9
     204        10
'TEST0031'
      37
    1000
     749         9
     742        18
     708         9
     706         3
     701        15
     685        13
     681         1
     656         4
     627         8
     608        15
     607        17
     588         6
     567        14
     551         3
     535         7
     526         5
     488        18
     483         4
     475        19
     469        12
     455         4
     413        17
     388        20
     375        16
     374         9
     347        10
     345        13
     335         3
     332         5
     331         2
     322        16
     312        15
     308         7
     260        19
     231        18
     227         5
     222        21
'TEST0032'
      40
    1000
     779        11
     770         8
     761        13
     746        18
     729        18
     716        18
     666        12
     645         3
     625         8
     621         4
     611         4
     608        13
     595        13
     593         1
     592        17
     589        11
     562         2
     557        11
     527        13
     525        14
     523        16
     518         4
     517        11
     491        10
     481         2
     457        11
     453         1
     450        11
     418         1
     407         7
     387        15
     316        12
     298        13
     285        16
     269        15
     244        16
     243        17
     214         2
     205         8
     200         1
'TEST0033'
      39
    1000
     793        14
     767        17
     764        14
     763        11
     723         6
     718        10
     710         1
     704        13
     688        23
     671         5
     669        11
     666        11
     651        14
     641         9
     640        16
     594        15
     553         1
     547         8
     534        14
     515        17
     498         1
     490        18
     482         2
     466        16
     390        14
     379         7
     359        13
     356         9
     325         8
     319         4
     294        15
     272         9
     252        15
     242        10
     241         8
     237         4
     227        13
     218         6
     209         1
'TEST0034'
      39
    1000
     798        11
     773         8
     772        17
     739        18
     728        18
     724         1
     694        18
     684        15
     677        10
     644         5
     635        14
     633        16
     592         4
     583         7
     562        17
     541         1
     536         3
     535        10
     528        10
     518        11
     517         4
     503        10
     464        10
     459         9
     438         9
     422        17
     406         1
     394        12
     387         6
     376        15
     357         4
     336        12
     335         6
     305        17
     284        14
     273         4
     268        21
     264        17
     204         1
'TEST0035'
      40
    1000
     779         6
     777        14
     753        16
     738         8
     734        16
     732        12
     728        12
     713         1
     699        13
     697        12
     690         3
     670        15
     660        11
     648         8
     647        15
     622         3
     604         5
     603        16
     600         7
     586         1
     573        12
     557        10
     546        12
     545         9
     510         5
     467         7
     378        18
     377        13
     372        12
     302        15
     287        17
     285         7
     283         2
     282         5
     281        18
     251         3
     250         5
     236        17
     226        17
     205         2
'TEST0036'
      39
    1000
     791         1
     786         6
     771        16
     768        13
     765        12
     740         1
     709        12
     702        19
     701         5
     689        19
     678         2
     666         1
     663        10
     599         3
     595        12
     561        15
     521        19
     515         8
     507        10
     490         6
     463        14
     455        15
     454        14
     450        13
     448        13
     412        17
     404         6
     403        19
     384        14
     349         7
     336         4
     333         7
     332        28
     331         2
     324         3
     261         3
     243         6
     235        18
     217         7
'TEST0037'
      38
    1000
     773        15
     771        14
     768        14
     756        20
     754         2
     752         1
     742         6
     739        10
     720        11
     703        13
     690         8
     623         7
     618        11
     601        11
     594        15
     571        18
     570        10
     567         3
     534        12
     487        34
     486         1
     483        18
     480         2
     458         6
     429         8
     391         2
     359        11
     338         9
     335        10
     314        17
     312         7
     287        19
     261         2
     258         2
     240         4
     236        17
     231        10
     214        20
'TEST0038'
      37
    1000
     759        15
     758        19
     755        11
     744        20
     728         7
     710         7
     670         1
     668         3
     662         3
     660        17
     639        10
     612         5
     602        17
     599        11
     595        24
     564        14
     554         1
     531         7
     529        10
     528        10
     507        18
     490        18
     484         1
     476         5
     461         2
     451         7
     446        19
     442         2
     417        13
     414        16
     406         7
     388         3
     341        18
     320         9
     297        16
     289        17
     254        17
'TEST0039'
      39
    1000
     777         8
     771        18
     699        17
     678        19
     668        10
     666         8
     640         1
     631        13
     621         9
     620        18
     615        10
     602        11
     595        18
     589         5
     588         4
     581        16
     578        18
     567         3
     564        15
     549        13
     543         7
     542        20
     516        19
     468         7
     461        15
     457         1
     412         9
     406         4
     384         3
     368         3
     353         6
     324        10
     318        18
     305         9
     301        11
     267         8
     260         4
     215         2
     206        10
'TEST0040'
      40
    1000
     793        10
     792        11
     791        18
     789         3
     772        18
     767         2
     754         5
     723        18
     708        13
     700         7
     664        17
     626         6
     607         6
     601        15
     565        12
     549         6
     528        17
     520         7
     507         7
     469         9
     460        16
     444        16
     443        13
     431         1
     428         1
     395         9
     371        14
     363        17
     345         2
     344        10
     333         7
     329        13
     309         2
     308        10
     290        11
     284        15
     268         9
     247         4
     217         8
     203        15
'TEST0041'
      40
    1000
     777         7
     772         1
     768        10
     712        10
     676         2
     639        14
     637        18
     633        17
     623         7
     613         4
     609        12
     600        15
     595        13
     590        14
     588         4
     585        15
     563        17
     560         3
     554        14
     534         5
     510         1
     489         5
     478         4
     439        10
     430        12
     417        22
     405        11
     382         5
     365         2
     362         1
     360        14
     345        13
     325         4
     310        18
     309        20
     256         5
     254         7
     219        20
     216        14
     200        10
'TEST0042'
      39
    1000
     796         5
     790         2
     778        11
     771         1
     749        13
     738        16
     727        10
     709         8
     702         6
     623        16
     606        12
     598         4
     596        11
     576        12
     572         1
     540        17
     537        12
     532        15
     508         6
     498         1
     437        17
     431        17
     409         1
     408        12
     406        12
     404         9
     395         3
     370        18
     355        15
     333        16
     329         9
     310         3
     299        17
     298        14
     264        12
     249         2
     246        27
     241         9
     240         8
'TEST0043'
      39
    1000
     776        14
     722         6
     721        10
     719        16
     717         2
     707         9
     701        17
     685        16
     666        18
     663        15
     660        12
     626         7
     590         6
     583         8
     547         8
     518         5
     488         6
     481        14
     479        16
     468         9
     444         1
     428        18
     425         3
     413         7
     399         1
     385        20
     381        11
     374        13
     368         6
     346         5
     320        19
     312         8
     299        21
     284        10
     249         5
     236        17
     219         4
     216         6
     206        11
'TEST0044'
      39
    1000
     786         4
     781        14
     777         8
     756         5
     742        15
     737        12
     718         8
     714        14
     683        14
     677        17
     673        13
     664        11
     662        15
     622         1
     605         9
     604        13
     601        12
     581        10
     572         3
     543        11
     537         4
     462         2
     461        12
     459        11
     440         3
     414        11
     399        25
     367         1
     365         4
     364        17
     326         4
     312        12
     307         7
     296        14
     288         9
     276        15
     268         9
     229        16
     200        15
'TEST0045'
      38
    1000
     790        15
     783        12
     777        17
     746        14
     743        17
     729         3
     720        13
     702         1
     675        17
     671        18
     640         5
     628         1
     627         2
     608        12
     560         9
     556        11
     550        11
     513         2
     512        18
     498        15
     494        29
     484         6
     482         8
     443         9
     436        14
     419        16
     396        15
     379         3
     374        12
     373         4
     370         9
     366         4
     310        15
     298         2
     285        12
     279         3
     263        14
     261        12
'TEST0046'
      38
    1000
     736         8
     708         5
     704        15
     686         3
     680         2
     675         3
     646        19
     642         2
     620         1
     601        10
     567        18
     557        12
     549         4
     525        23
     517        10
     500        15
     493         1
     475         7
     473         9
     460        21
     457        10
     429         5
     427         2
     415         9
     382        11
     378        18
     376         6
     362         7
     329        20
     324        10
     297        18
     292         4
     287        19
     285        22
     261        22
     240         6
     233        17
     205         6
'TEST0047'
      40
    1000
     790        19
     776         5
     773        12
     744         5
     740        16
     721         7
     708         3
     695        17
     685         6
     674        12
     666         1
     617         6
     612        18
     607        14
     604        18
     595         1
     583        17
     579        19
     554         8
     541        17
     520         5
     506         2
     500         7
     450        19
     412         5
     405        13
     388         4
     379        14
     320        11
     312         5
     300        11
     287         1
     283        16
     282         6
     271        17
     266         4
     257        14
     251         5
     227         3
     221        17
'TEST0048'
      36
    1000
     794        16
     788        13
     771        10
     767        20
     762        14
     748        16
     728        18
     726        17
     718        16
     684        11
     679        11
     665        19
     655         3
     650         9
     607        19
     580        15
     577         1
     557        17
     539        15
     531        14
     529         3
     506         4
     439        22
     413         8
     399         1
     352        11
     330         2
     317         9
     316        14
     309        13
     298         3
     261        16
     258         2
     243         4
     230         9
     212         5
'TEST0049'
      38
    1000
     799        14
     791         7
     752        16
     748        14
     711        11
     705         1
     696        13
     681         4
     613        14
     609         8
     587        16
     585        15
     576        12
     557        13
     543         1
     493        14
     484         7
     481        11
     467        10
     460        13
     455         6
     449         8
     413        16
     401        12
     398        10
     395        23
     386         1
     361        11
     336         9
     332        16
     311         1
     295        16
     289        13
     268        16
     254        13
     253         4
     245         6
     235         5
'TEST0050'
      40
    1000
     800        14
     787         3
     779         6
     771        14
     742         9
     732        17
     730        14
     721        17
     715        12
     683        16
     648        15
     635        15
     614         8
     597         5
     581        13
     580         9
     530        15
     520        15
     519        12
     515        13
     508        10
     447        14
     446         1
     435         3
     410         8
     405         2
     404         2
     395         6
     390         6
     380         1
     369         9
     368        12
     342         8
     283        16
     275        17
     272        10
     265        17
     259         3
     247         1
     235        12
'TEST0051'
      39
    1000
     758        17
     748         5
     741        19
     729         3
     727        15
     723         9
     716         1
     692        13
     688        11
     670         3
     655        18
     654         1
     646        13
     614        13
     601         5
     594         2
     554         3
     538        19
     500        18
     492        16
     470        16
     453         4
     434         6
     429        18
     408         8
     381         1
     357         2
     354         4
     331        19
     313         8
     289        11
     282        15
     259        17
     258         2
     257        15
     233         7
     213        11
     210         6
     209        26
'TEST0052'
      37
    1000
     784         4
     780        13
     772         3
     754        15
     751        26
     749        16
     739        19
     736        11
     715         8
     693        12
     689         8
     649        12
     622        18
     615        14
     610        10
     574        20
     566        19
     564        16
     545        11
     541        18
     484        14
     479        12
     477         1
     444        18
     422        20
     417         1
     409        19
     361         2
     359        12
     355         1
     352         1
     332         3
     311        11
     310         4
     269         1
     254         5
     202         2
'TEST0053'
      39
    1000
     800         9
     791        14
     788         5
     772         2
     762         4
     751         8
     702         7
     698        10
     680        16
     656         5
     629        16
     624        16
     585        16
     558         6
     545         8
     523         5
     511         3
     497        10
     487        17
     461        16
     411        15
     395         8
     392        11
     390         4
     386        17
     376        11
     375        16
     365        18
     348        12
     344         5
     341         7
     338        16
     337         6
     317         8
     308        10
     270         3
     258        18
     245        18
     210         4
'TEST0054'
      39
    1000
     800        21
     792         8
     790         9
     785        12
     774         6
     769         4
     755        15
     722        15
     703        11
     693         6
     683         1
     682        14
     679         7
     673        14
     671         3
     640        13
     604        15
     548        13
     515         6
     509        14
     496         3
     464         2
     460        17
     452        13
     446         8
     426        13
     425         2
     396        15
     367         1
     351        14
     340        15
     313         1
     300        15
     298        17
     275        15
     272         5
     267        21
     255        10
     253         6
'TEST0055'
      40
    1000
     782         2
     779        13
     774         8
     772        12
     757        12
     748        14
     742        16
     739        19
     736        18
     716        17
     699        16
     688        10
     676        19
     674        11
     660        13
     640        12
     599         8
     564        18
     562        13
     549         2
     548         1
     547        11
     511        13
     481        15
     479         5
     472         7
     441         7
     422         7
     393         2
     392         7
     330         6
     296         1
     266        14
     263         4
     250        15
     234        14
     224         4
     218         9
     212         2
     202         3
'TEST0056'
      39
    1000
     783        16
     770         1
     768         8
     759         8
     757         6
     722         8
     716        18
     693        13
     689        11
     680        18
     675        15
     674        14
     659         7
     651        17
     639         5
     593        10
     568        16
     562        16
     560        10
     534        19
     510        12
     496         6
     476         1
     405         4
     402        18
     390        17
     373        10
     352         1
     334        10
     320        13
     310         8
     300        17
     284         9
     263         1
     259         5
     252         4
     237         6
     228         4
     217        18
'TEST0057'
      38
    1000
     787         8
     783        19
     775         3
     773         2
     764         4
     751         9
     734         6
     727        20
     723        15
     717        20
     696         1
     692        24
     675         3
     661        10
     657        15
     642        10
     605         9
     588        18
     577        18
     509         3
     506         4
     494        13
     491        12
     489         4
     454        20
     393         9
     389        12
     374         2
     348         8
     342        13
     336         7
     321        12
     299        14
     289        20
     256         1
     244        15
     235        15
     226         2
'TEST0058'
      39
    1000
     768         1
     765         7
     762        21
     739        20
     729         2
     717         2
     696         1
     683         8
     679        13
     675         4
     639        21
     635        13
     624        13
     615        19
     613         8
     601        14
     600        13
     582         1
     562         3
     535         2
     529         8
     505         2
     499        17
     494         2
     471        16
     438         9
     421         7
     420         6
     413         8
     411         9
     399        15
     377        18
     347        15
     340         5
     311        18
     310        20
     272         3
     257        18
     215        18
'TEST0059'
      37
    1000
     796        19
     795         5
     778        11
     774         3
     760         5
     758         1
     743         4
     735        17
     730        14
     718        15
     715        20
     671        18
     659        19
     652         4
     651         9
     645         8
     621        12
     604         2
     600        15
     530        21
     500         1
     484        10
     471        14
     444         8
     403        16
     389         6
     356         2
     340        12
     298        13
     297        15
     294         8
     284         7
     276        25
     259         1
     254        16
     235        11
     206        13
'TEST0060'
      40
    1000
     783        10
     768         7
     766        10
     765        16
     756         8
     744        13
     724        11
     716        15
     712        11
     695        14
     677        13
     667         7
     655        13
     639         8
     599         5
     591         5
     585        16
     581         6
     580         2
     571        11
     570         7
     513         8
     508        12
     493        14
     462        11
     431         5
     418        12
     411        10
     404        12
     401         2
     381         5
     339         9
     325        13
     309        18
     302         9
     298         6
     279        15
     261        17
     224         9
     219         5
'TEST0061'
      39
    1000
     795         1
     756        19
     750        11
     742         9
     722        10
     693        10
     669         8
     644         2
     634         8
     628         3
     624         4
     609        10
     603        12
     599         9
     594        11
     577        16
     569         8
     568         5
     493         4
     476        12
     434         4
     421        19
     413         2
     394        12
     379        14
     359        21
     357         2
     349        10
     317        15
     314         7
     295         1
     289        13
     262        30
     257        21
     249        11
     228         1
     227        10
     220        19
     213        16
'TEST0062'
      37
    1000
     755        17
     736        12
     715        17
     702        15
     696         9
     693         4
     676         2
     660        16
     654         8
     602        15
     592        12
     589        19
     581         8
     580        13
     572         5
     561        19
     554         1
     548         2
     547         3
     534         4
     532        12
     522        32
     517        19
     473        11
     445         5
     413         6
     391        26
     356         9
     341         5
     336         3
     335        12
     322        16
     300         6
     299         7
     260        10
     246        16
     214         4
'TEST0063'
      40
    1000
     786        16
     778        12
     757         6
     747         7
     742        10
     741        14
     739         5
     719        20
     703         3
     688        17
     672        16
     626         8
     618         8
     614        15
     599         1
     586        17
     543        18
     528         3
     523         5
     517        19
     505        13
     456         1
     440         2
     402         7
     400        13
     387        17
     386        20
     385        12
     353        18
     334         6
     332        10
     302         4
     274         2
     257         1
     252         4
     251         7
     225        19
     217         3
     215        16
     209         5
'TEST0064'
      39
    1000
     794        16
     788         1
     761        13
     756         8
     735        10
     728        19
     707        16
     701        12
     695         6
     676        14
     657         7
     646        16
     590         9
     573        17
     567         8
     566         7
     554         8
     536         3
     489        10
     488        16
     477         8
     475        18
     454        11
     443         4
     433         7
     403         1
     397         3
     395        13
     374        19
     373         7
     339         3
     338        14
     332        11
     330        13
     232        16
     231         3
     228         7
     212        12
     211        14
'TEST0065'
      40
    1000
     788        14
     734        14
     731        16
     716         6
     715         3
     702        16
     657         2
     650         7
     644         7
     637         5
     634         3
     624         6
     603         4
     593        17
     559         2
     538         7
     526         5
     509         1
     499        12
     465         5
     464        12
     457        15
     438        21
     417         6
     413         7
     407        13
     382        14
     376         2
     374        19
     369         9
     367        20
     359         6
     336        15
     320        20
     312         3
     307        20
     292        20
     271        12
     249         6
     243         8
'TEST0066'
      40
    1000
     790        18
     744        15
     743         7
     736         3
     730         1
     725        23
     673         4
     672         4
     666        12
     643         6
     608        13
     603        12
     574         4
     567        10
     564         7
     543        10
     541        22
     504        10
     494        22
     464         1
     456         6
     446        13
     425         6
     417        15
     412        17
     408         4
     380        11
     374         8
     361        11
     354         2
     335         4
     327        22
     297         6
     286         3
     270        23
     267        10
     257         8
     247        10
     241         5
     219        12
'TEST0067'
      39
    1000
     789        28
     785        20
     742         6
     740        17
     724         5
     707        19
     679         3
     664         4
     655         3
     622         1
     616        10
     607         6
     595         4
     590         3
     577        16
     563        11
     493        17
     479         3
     454        11
     440        18
     419        16
     381        14
     373         1
     367        13
     364        16
     353        12
     344        11
     333        18
     327         5
     322         7
     313        11
     299        10
     278         4
     256        14
     250         9
     243        14
     223         4
     213         8
     207         8
'TEST0068'
      39
    1000
     796         9
     773         9
     754        10
     744        11
     739        10
     738         5
     728         9
     717         1
     706        11
     652         7
     647         7
     606         3
     579         4
     573         5
     547        17
     540        13
     538        10
     536        20
     526        12
     525        11
     513        17
     502         7
     495         9
     492        17
     486         8
     477        10
     415         3
     365        14
     345        17
     335        16
     326        14
     324         9
     315         1
     306        12
     286        15
     280        11
     223        18
     222        15
     203         3
'TEST0069'
      36
    1000
     788        14
     770         1
     765         7
     740        21
     731         8
     720        14
     712        22
     698        20
     697         7
     677         5
     670        19
     639        18
     626        22
     613        11
     608         4
     557         1
     515        12
     507        14
     505        12
     496         2
     476         3
     471        10
     464         9
     445        20
     436         2
     431        12
     389         2
     375         7
     356         6
     296        12
     284        14
     282        20
     274         8
     264        10
     261        25
     222         6
'TEST0070'
      38
    1000
     794        15
     785         1
     766        13
     741        10
     732         3
     728         2
     707         8
     689         8
     680         2
     670         4
     630         1
     596        17
     583         1
     557        16
     548         3
     530        14
     516        18
     514        16
     508         2
     505        18
     493        30
     488        15
     480        15
     461        10
     458         3
     429        18
     413         5
     402        17
     391         4
     386         2
     384        18
     363        13
     306        10
     262        17
     230        14
     228         4
     225        18
     203        15
'TEST0071'
      40
    1000
     791        19
     774        15
     766        10
     753         2
     734        11
     724        10
     704         2
     702        13
     699         7
     698         9
     665         3
     636        17
     626         8
     625        16
     612        16
     609        17
     560         5
     554         9
     546        17
     526         6
     506        13
     502         7
     473         6
     462        11
     454         7
     452        10
     439         3
     430         8
     388         8
     383         9
     375         2
     351         8
     340        17
     312        16
     296         5
     293         4
     282        16
     270        10
     228        18
     206        10
'TEST0072'
      40
    1000
     773         6
     771         6
     764         7
     755         8
     748        11
     739        12
     721        14
     710        16
     695        17
     685         4
     651        11
     646         8
     639        11
     621        18
     606        17
     590         3
     580         7
     557         8
     551         8
     534        15
     516        11
     475         2
     454         5
     451         1
     442        13
     438         2
     406        10
     402        15
     370        16
     366        14
     360        11
     354         7
     347        17
     341        17
     331         2
     328        17
     322        15
     277         4
     250         2
     241        12
'TEST0073'
      40
    1000
     772        20
     770        12
     740         2
     724        14
     716        11
     714        16
     706         5
     705         2
     673        15
     644         3
     613        12
     589         8
     557        14
     531         1
     513        10
     502         5
     494         1
     475         6
     464         3
     460        15
     437        20
     423        11
     415         2
     408         2
     400        17
     391        15
     362        20
     358        17
     348         5
     320        18
     317         7
     301        18
     286        16
     272        15
     269         5
     257         1
     241        19
     239        10
     225         4
     200         3
'TEST0074'
      40
    1000
     786        16
     763         9
     760         3
     759        14
     752         2
     739        14
     726         3
     718         7
     708         4
     701         2
     670        18
     657         8
     649        15
     603         3
     595         1
     573         8
     558         7
     549        18
     544         8
     535         5
     522        15
     509        15
     444        18
     434         9
     416        15
     387        13
     380        11
     375         7
     367        18
     364        17
     361        12
     352         9
     288         6
     287        14
     270        14
     266         1
     231        15
     214         7
     205        10
     202         9
'TEST0075'
      40
    1000
     781         1
     772         2
     762        10
     721         7
     715        12
     691        16
     689         9
     678         2
     653        14
     638         1
     623        18
     581         6
     561        17
     545         1
     540        15
     538         2
     523         4
     488         9
     482        15
     432         6
     398        17
     390         7
     388        11
     380        15
     374        15
     365        13
     357        14
     354         4
     353        11
     326        14
     310         8
     306         7
     302        18
     298        15
     284        13
     269         3
     254         9
     249         8
     237        17
     222        14
'TEST0076'
      39
    1000
     792         5
     781        11
     732         9
     712         9
     667        10
     648         6
     647        19
     640        17
     639         5
     636         1
     615         3
     608        13
     607        17
     592         6
     576        15
     568         7
     561        12
     536         4
     525         5
     508        27
     505        19
     503        18
     494         8
     473         6
     472        17
     464         8
     463         7
     460         5
     454         1
     424         2
     393        11
     349         8
     346         8
     324        20
     297         9
     287        19
     276        16
     267        10
     228         7
'TEST0077'
      38
    1000
     800        19
     799        19
     792         2
     784        11
     756         1
     739         1
     729        20
     728        31
     715         5
     697         7
     693         2
     679         8
     676         7
     673         8
     651        17
     629        21
     593        10
     584        15
     578         2
     541        16
     515        20
     494        15
     474         4
     465         5
     448        16
     424         6
     392        15
     389         3
     361        18
     334         2
     323        19
     279         7
     275         3
     274         2
     271         2
     258        21
     245        13
     233         7
'TEST0078'
      37
    1000
     707        16
     644         9
     643        13
     634        12
     633        10
     624         4
     620        28
     616         1
     583        10
     581        12
     566         7
     563         3
     557         8
     548        14
     530        13
     528        16
     524        24
     507         3
     467         7
     453        18
     450        13
     438         1
     431         2
     422         7
     394        17
     387        12
     358        14
     354        15
     319         2
     307         4
     301        10
     291         9
     286        11
     279        17
     245        16
     220        12
     210        10
'TEST0079'
      39
    1000
     791        30
     790        16
     785        10
     763        14
     755        15
     738         2
     720        16
     654        15
     639         2
     579        11
     568         5
     567        18
     561         9
     540        12
     534         3
     519        11
     501        17
     490         5
     489        18
     476         2
     472         2
     470         5
     468         5
     461         2
     452        18
     449        12
     440         9
     408         5
     366        15
     352         9
     338         5
     313        18
     282         6
     279        16
     271         7
     242        15
     236         6
     227         1
     202        13
'TEST0080'
      37
    1000
     787        12
     726        10
     701        19
     696        13
     685         5
     670        12
     669        16
     646        10
     638        29
     624        17
     592         1
     578         6
     564        14
     546        18
     515        17
     486         2
     450        15
     426        16
     389         1
     385         4
     363         4
     357         8
     327        12
     326        16
     322         9
     320         7
     319        13
     316        14
     315        18
     297        13
     281         7
     275        10
     264        15
     248         7
     224         6
     217         4
     206         1
'TEST0081'
      37
    1000
     781        15
     748        20
     742        20
     738        21
     732         1
     713         3
     705         5
     674         5
     666        17
     659         3
     618        12
     613         3
     612        16
     595         7
     592        12
     590         2
     586        26
     554         3
     510        21
     493         1
     466        22
     454         6
     437        10
     434         7
     427         7
     418        13
     415        19
     412         3
     410        18
     402         1
     382        10
     338        13
     300        10
     287        15
     251         9
     238        19
     220         5
'TEST0082'
      36
    1000
     800        22
     778         1
     774        19
     770        11
     752         9
     746        22
     741         9
     731        12
     727        19
     662         7
     636         7
     622        33
     608         7
     577         2
     549         2
     547        18
     495        14
     488         2
     487        14
     437        18
     434        22
     433         3
     414         1
     375         1
     355         4
     336        14
     318        10
     310        17
     299        12
     295         7
     290        18
     286         7
     264         1
     249        16
     219        10
     204         9
'TEST0083'
      37
    1000
     791        12
     744        22
     692        27
     682         7
     671         6
     665        18
     661        15
     646         7
     633         4
     631        14
     610        19
     603         2
     583         8
     566         2
     565        10
     555         7
     552         6
     546        12
     544        15
     541         8
     538         2
     535         6
     522        14
     515         3
     503         7
     436        10
     416        18
     409         8
     406        11
     400         1
     375        17
     363        10
     350        18
     236        23
     225         8
     219         7
     203        16
'TEST0084'
      40
    1000
     787        13
     780         9
     754         2
     727        17
     702        18
     690         1
     673        12
     658         1
     645         1
     638        10
     631        12
     618         5
     609        12
     604         8
     591         7
     578         5
     569        17
     567        12
     551         7
     512         6
     461         9
     447        18
     438        18
     418        16
     411         8
     378        16
     361        12
     359        12
     345         5
     343        16
     338         9
     316         7
     305        17
     272         9
     263        12
     240        12
     233        15
     222         2
     221         5
     204         7
'TEST0085'
      34
    1000
     760         9
     749        16
     748        21
     701         3
     682         4
     676        11
     656        36
     653         7
     647        20
     631        22
     629         1
     611         1
     598        13
     576         2
     561        19
     547        22
     532        10
     525         4
     524         5
     494         7
     464        10
     461        11
     423        15
     411         4
     405        14
     371        12
     288        10
     273         5
     271         6
     258        27
     249         6
     224        20
     213        17
     203        10
'TEST0086'
      39
    1000
     795        22
     779        13
     772         1
     765         9
     745         7
     716         1
     688         2
     620        12
     617        23
     605         8
     569         7
     561        23
     556        20
     545         7
     542         9
     540         2
     534         3
     521        22
     519        11
     511         2
     499         9
     498        11
     484         5
     473         4
     456        16
     452        20
     437         6
     418         7
     409         2
     378        15
     372        10
     280        13
     272        15
     264        10
     261        10
     248         2
     236        19
     230        16
     215         6
'TEST0087'
      40
    1000
     800        16
     777        11
     772         3
     764         6
     743        18
     738        18
     736         1
     713         4
     698        12
     697         2
     695        19
     684        10
     682         9
     668        11
     657         8
     656        10
     652         5
     640         7
     626         3
     618        16
     601         9
     546         2
     531        17
     530         2
     508        18
     470        12
     440         1
     438        12
     420        14
     396        16
     390        15
     388         3
     351        10
     322         8
     307         4
     304        18
     269        10
     267        19
     244         5
     210        16
'TEST0088'
      39
    1000
     772        16
     764        16
     727         3
     716        14
     712        11
     710         2
     693        15
     688         4
     635        19
     633        20
     609         1
     568        21
     561         2
     558         8
     539         7
     512        16
     504         5
     503         1
     501        16
     472         6
     469        20
     462        18
     456         4
     452        11
     431         4
     422        15
     421        17
     357        10
     354         6
     349         5
     332        11
     308         2
     286        15
     269         6
     233        20
     232         1
     229         7
     218        23
     211         2
'TEST0089'
      40
    1000
     797         8
     781        11
     776        17
     758         8
     750         1
     749         2
     743        10
     737        20
     725        21
     693         9
     681        17
     669        16
     662        15
     660        20
     651        15
     531         6
     519        21
     495         4
     465         3
     461        10
     449         1
     446         5
     442        13
     441         8
     439        12
     431        10
     411        16
     404        17
     395        15
     390         8
     385         1
     365         4
     336        20
     323         2
     315         8
     287         4
     285        21
     277         1
     249         3
     200         1
'TEST0090'
      39
    1000
     799        14
     789         5
     780         8
     762        16
     749        14
     743        16
     704        12
     685        15
     683         5
     671        10
     630        14
     627         2
     621         3
     596        16
     579         5
     571         2
     569        25
     568        18
     541         1
     529         8
     517        17
     492        10
     467        15
     436        16
     411         8
     399        16
     397        14
     396         8
     364         5
     357        14
     337        16
     312        10
     307        10
     298         9
     281         6
     277         6
     244         4
     242         1
     239         6
'TEST0091'
      39
    1000
     777        12
     740         5
     729        18
     708         2
     703         9
     685         7
     612         5
     578         2
     562        14
     561         5
     537        10
     524         8
     514         5
     509        11
     485         8
     462         5
     452        15
     421        10
     404         6
     385        13
     383        15
     375        15
     367         6
     352        13
     345        15
     336         6
     334         9
     330        23
     327        11
     321        10
     305        20
     299         4
     288        18
     272         6
     266         6
     254        12
     251         7
     235        17
     207        17
'TEST0092'
      39
    1000
     779         2
     767         2
     757        14
     752         4
     731        11
     729        11
     703        40
     700        18
     649        19
     641         6
     634         6
     623         5
     618        15
     600         5
     590        20
     583         8
     559         6
     518         2
     506        17
     499         1
     475         6
     470         3
     465         7
     460         3
     445        22
     444         5
     391        14
     388         4
     381        17
     365        22
     358        12
     355        17
     353        15
     329         5
     327         4
     258        13
     237        13
     228         3
     218         3
'TEST0093'
      40
    1000
     764         2
     746        22
     741         8
     740         3
     733         8
     725        13
     714        18
     705         5
     683        18
     681        22
     667        15
     662        21
     661         3
     608         4
     590         1
     586         9
     578        14
     575         5
     560        18
     541         4
     483         3
     470         2
     446         2
     427        18
     419        16
     413         1
     366        14
     351        15
     346         4
     342        16
     341        20
     336        17
     307         8
     304        10
     267        14
     236         1
     228        18
     226         4
     225         1
     221         3
'TEST0094'
      38
    1000
     798         1
     792         8
     790        20
     787        21
     783        20
     778         2
     769        13
     763        10
     750        18
     735         7
     719        11
     679         1
     677        22
     639        21
     628         8
     566         7
     506        15
     497         9
     456        18
     450         5
     441         1
     411        13
     374        11
     365        13
     346         1
     328         3
     321        18
     309         6
     295        10
     287        15
     254         2
     250        10
     248        17
     239         3
     237         9
     218        11
     210        14
     201         6
'TEST0095'
      40
    1000
     781        15
     746        10
     726        16
     725         2
     715        13
     672         7
     662        17
     658        15
     637         7
     586        12
     584         3
     580         3
     569         1
     528         7
     513        11
     512        18
     476        15
     471        17
     452        12
     450         1
     442         5
     436         5
     433         4
     414        15
     408        13
     396         5
     381         2
     358        12
     355        15
     351        11
     347         3
     292        12
     284        12
     258        18
     248        13
     236        17
     229        10
     213        10
     205        17
     201         1
'TEST0096'
      39
    1000
     770         9
     724        34
     702        13
     686        15
     682         6
     671        10
     665         8
     645         4
     639        13
     629         6
     592         7
     580         2
     576        19
     570         3
     562         5
     547         5
     497         4
     478         9
     471        13
     463         9
     421        14
     403        10
     401        14
     374         5
     371        13
     361         6
     357        11
     344        16
     338        11
     331        13
     328        10
     325        13
     324        15
     286        11
     271        18
     252        11
     232         8
     217         1
     209         6
'TEST0097'
      39
    1000
     773        28
     721         7
     720        17
     633         4
     626        15
     622         9
     599        19
     544        14
     531        19
     520        14
     508         4
     495         6
     488        15
     479        17
     478         5
     466        16
     464         5
     455        16
     453         3
     452         1
     445         4
     436        12
     409         7
     402         6
     393         6
     385         3
     374         5
     342         4
     341        18
     340        16
     332         1
     325        13
     296         5
     267        10
     247        11
     231        20
     227         9
     221         2
     211        14
'TEST0098'
      40
    1000
     760        16
     752        10
     730        16
     698        14
     697        21
     688         9
     676         5
     663        20
     617         7
     592        18
     590        11
     586         6
     546        15
     529         4
     524        13
     523        13
     504         2
     452        14
     446         1
     442         8
     419        14
     393         2
     389         7
     373         1
     370         5
     366        18
     359         1
     338         1
     332         4
     329        19
     328         9
     320        21
     311        16
     298        13
     294         2
     259        11
     236        15
     223         3
     217         9
     204         6
'TEST0099'
      40
    1000
     786         4
     781         9
     770        14
     740        16
     734         6
     716         4
     703        20
     698         3
     694        19
     692         8
     691        18
     643         7
     611        18
     597        17
     583        19
     573        10
     565         3
     553         7
     538        13
     532         2
     522        20
     518        11
     515         5
     473        19
     459        13
     457         1
     441         1
     435        18
     421         1
     410         2
     387         9
     370        10
     353         4
     324        19
     320        18
     293         1
     273        20
     249         3
     226         1
     207         7
'TEST0100'
      39
    1000
     795        10
     791         8
     771        14
     748        15
     745         2
     731         2
     725        18
     723         9
     722        16
     711        13
     708        21
     650        12
     646         2
     639        16
     615        17
     597         3
     582        16
     498        14
     486        10
     476         7
     448        12
     445         4
     409         3
     399         1
     396        15
     389        16
     352        18
     312         4
     308         3
     294         3
     287         5
     282         9
     273        17
     267         9
     266        16
     262        17
     249         3
     244        17
     217         3
