'TEST0001'
      20
    1000
     767        10
     763         9
     684         9
     667         6
     630         6
     622        15
     606         8
     594        20
     563        11
     562         4
     529         4
     519        18
     510         7
     410        14
     403        16
     372        11
     370        11
     363         6
     333         3
     209        12
'TEST0002'
      20
    1000
     791        17
     777         1
     762         9
     756         3
     670         7
     659        19
     558        13
     557        18
     488        16
     434         1
     424         8
     323        19
     322        10
     315         3
     298         6
     276         2
     273         6
     269        17
     263         9
     209        16
'TEST0003'
      20
    1000
     795         7
     788         1
     784        13
     755        11
     752        10
     733        16
     688        19
     684        17
     668        13
     614        18
     608        18
     601         2
     584        16
     483         2
     481        18
     386         1
     378        11
     371         4
     219         2
     211         1
'TEST0004'
      20
    1000
     789        14
     710         2
     661        20
     624         8
     596        15
     563         2
     555        16
     517         8
     490        15
     461         2
     429         6
     428         9
     389         6
     323         6
     308        12
     304        16
     300        14
     274        12
     260        11
     246         6
'TEST0005'
      20
    1000
     790        21
     763        20
     730         1
     677        17
     621         8
     565         5
     558         2
     554         9
     548        17
     492        12
     461        15
     454        19
     445         4
     375         5
     373         3
     368        16
     318         1
     314        15
     298         1
     203         9
'TEST0006'
      20
    1000
     795        11
     789        13
     784        13
     738        15
     724         9
     699        14
     697         5
     670         1
     582        14
     576        12
     544         9
     462        11
     459        10
     421         8
     387        15
     348        12
     320        12
     270         6
     262         9
     242         1
'TEST0007'
      20
    1000
     765        13
     736         9
     693        11
     688        21
     662         9
     652         8
     632         9
     476        17
     464        14
     383         7
     375        13
     372         9
     355         8
     343        17
     316         4
     312         8
     275         2
     238         1
     224         8
     201        12
'TEST0008'
      19
    1000
     768         7
     740         9
     703         1
     678         1
     677        13
     663        35
     644        15
     620        11
     599         4
     587        13
     576         2
     543        12
     539        11
     520         8
     510        18
     503         5
     498        10
     448        17
     254         8
'TEST0009'
      20
    1000
     763        11
     756         9
     747        17
     712        18
     626         4
     606        18
     591        13
     568        15
     536         4
     401         2
     398         4
     392        16
     359         5
     338        14
     279         2
     271        19
     266         4
     235        12
     234         4
     230         9
'TEST0010'
      20
    1000
     798         3
     792         5
     746         9
     733         6
     730         9
     687        13
     665        11
     661        10
     595         5
     594         5
     576         8
     520        24
     501         6
     443        18
     412         2
     408        23
     380         8
     313        21
     260         3
     220        11
'TEST0011'
      20
    1000
     784        19
     782        15
     777        12
     738        18
     708         6
     677        15
     584         3
     553         7
     552         2
     486         2
     430         5
     357         7
     335        12
     334        17
     311        11
     291         6
     263         5
     254        11
     252        17
     227        10
'TEST0012'
      20
    1000
     778         4
     734         9
     723        14
     625        13
     596        11
     553        19
     546        13
     540         1
     528         9
     518        17
     490        13
     485        13
     453         2
     444        17
     400         2
     389         4
     367        10
     304        14
     275         7
     266         8
'TEST0013'
      20
    1000
     800        11
     747        14
     712         5
     697        20
     686         2
     666        17
     656        15
     568        11
     520        20
     514         1
     510         3
     474        13
     397         9
     355         7
     345        11
     334        16
     294        11
     255         8
     204         4
     202         2
'TEST0014'
      20
    1000
     773         5
     755        13
     748         2
     688        16
     683         4
     638         9
     606        14
     569         2
     511         9
     498        16
     470         3
     431         7
     392        14
     354        15
     349        10
     341        17
     323        13
     310         7
     282        17
     253         7
'TEST0015'
      19
    1000
     760        12
     756         8
     716        16
     677        10
     660         3
     647         5
     643        18
     628         8
     604         6
     577        11
     515        17
     484         4
     463         5
     407        14
     402        13
     385        10
     335        17
     262         7
     222        16
'TEST0016'
      20
    1000
     792         4
     739        11
     724         7
     692         5
     635         7
     626         2
     625        15
     610        11
     556        15
     546         3
     517        14
     494        15
     477        12
     471        13
     446        13
     376         1
     310        17
     308        15
     255         6
     251        14
'TEST0017'
      20
    1000
     753        13
     742         1
     738        17
     698        13
     692         9
     644        15
     606        18
     567        12
     559         3
     498        11
     486        13
     460        18
     440        17
     427        10
     404        11
     343        10
     327         2
     325         2
     305         2
     299         3
'TEST0018'
      20
    1000
     775        13
     755        15
     742         4
     723        12
     718         4
     691        16
     614         8
     600         9
     599         5
     534         2
     515        15
     472        16
     425         6
     398        15
     385        13
     368        11
     364        10
     308         6
     257        12
     247         8
'TEST0019'
      20
    1000
     735         7
     727        23
     686        21
     678        10
     667        15
     612         4
     583        12
     581        15
     578         8
     516         3
     511        14
     505         6
     466         1
     465         9
     457         4
     436         3
     420        14
     413         4
     331        11
     315        16
'TEST0020'
      20
    1000
     798         8
     793         4
     756         2
     730        12
     728         8
     710        18
     699         2
     652        14
     650         1
     638        13
     618        15
     596        18
     551        18
     519        18
     418         9
     407         1
     357         9
     279        11
     251         9
     218        10
'TEST0021'
      20
    1000
     776        22
     752        20
     677        14
     676         4
     663         2
     640         2
     630         6
     534         8
     515        20
     380         5
     377         3
     370         2
     347        14
     321        15
     312        13
     284         1
     262        11
     244        16
     229        22
     205         1
'TEST0022'
      20
    1000
     758         2
     755         2
     744         9
     706        11
     674         8
     659         3
     657         3
     649        19
     647         8
     576        12
     566        20
     553        21
     549         4
     449         9
     390         4
     386        19
     362        19
     361        18
     309         3
     304         6
'TEST0023'
      20
    1000
     767        13
     756        12
     698         1
     609        18
     607         6
     599        14
     478        12
     476        10
     423         8
     421        18
     404         3
     369         3
     365        12
     352        19
     318        17
     295        14
     282         5
     266         6
     238         1
     202         8
'TEST0024'
      19
    1000
     798        16
     796        24
     771        13
     687         1
     672         8
     576         7
     546        21
     487        14
     478         7
     439        20
     423         8
     406        21
     379         6
     354         3
     334        15
     305         1
     261         7
     255         3
     221         5
'TEST0025'
      19
    1000
     752        17
     690        10
     653         5
     631        16
     584         3
     575         2
     519         8
     508        12
     450        14
     425        23
     362        13
     356         5
     341        15
     317         4
     313        12
     303         5
     284         4
     249        14
     203        18
'TEST0026'
      20
    1000
     787         5
     763         7
     720        14
     657         1
     648         9
     641        18
     615         8
     512        11
     479        10
     420         6
     404        12
     395        16
     386         1
     360         2
     325        18
     317        15
     307        16
     278        15
     248        10
     244         6
'TEST0027'
      20
    1000
     785         9
     740         8
     683         8
     534        17
     530        21
     509         2
     491        19
     448         2
     439        17
     416        20
     409        13
     352         2
     350        16
     301         5
     280        13
     262         4
     258         6
     244         6
     234         6
     225         6
'TEST0028'
      20
    1000
     787         9
     715         3
     698         1
     662        12
     638        12
     621        15
     605        14
     587        15
     583         8
     495        14
     472        12
     457         3
     419        11
     349        13
     343        14
     322         4
     261        16
     256         1
     248         7
     230        16
'TEST0029'
      20
    1000
     799        12
     783         7
     683        15
     568        12
     529        18
     526        13
     521        10
     518         5
     517         5
     502        12
     490        13
     470         2
     456         7
     436        10
     423        17
     350        11
     349         5
     340         1
     323        18
     281         7
'TEST0030'
      20
    1000
     638         2
     634        17
     616         3
     579         6
     567         9
     529        11
     509        10
     466         2
     440        15
     439        20
     402        18
     396        17
     343         3
     331         7
     306         4
     283        13
     281         8
     277        15
     253        16
     247         4
'TEST0031'
      20
    1000
     727        13
     686         3
     676         2
     642        16
     639         1
     607         7
     567        14
     546        16
     517        13
     507        15
     491        17
     489         5
     480        11
     469         5
     279        14
     278        16
     252        12
     221        15
     220         3
     203         2
'TEST0032'
      19
    1000
     775        13
     767        18
     732         8
     728        16
     678        15
     666        14
     620         3
     608        17
     595        17
     576        15
     563        17
     516         3
     511         3
     380        18
     372         4
     371         5
     251         3
     208         8
     206         3
'TEST0033'
      20
    1000
     729        13
     694         3
     681        17
     671        10
     594        15
     529        18
     500         1
     477         9
     461         4
     454         1
     440        19
     393         4
     351        15
     329         9
     312         7
     282        15
     252        16
     247         7
     237        17
     224         1
'TEST0034'
      20
    1000
     757        19
     750         4
     695        13
     677        14
     635         6
     611         8
     478         3
     461         4
     456         5
     435         2
     427        17
     408        22
     399         5
     390        18
     359        19
     336         4
     328        11
     291         9
     273        17
     266         1
'TEST0035'
      20
    1000
     769        10
     702         9
     694         7
     640        17
     639         7
     627         6
     615        16
     562        11
     550         7
     544        14
     518        12
     506        11
     443         9
     403        14
     378        10
     337        19
     331         2
     330         6
     272         6
     271         7
'TEST0036'
      19
    1000
     774        10
     773         4
     705        16
     703         9
     662        15
     644        15
     616        15
     578         2
     568        13
     538        13
     521        21
     465        12
     407         3
     334         5
     255         7
     253        16
     248        11
     241        12
     238         1
'TEST0037'
      20
    1000
     781        13
     771        18
     741        17
     740        11
     738         7
     701         5
     606        10
     577        19
     559         8
     547        11
     512         1
     511         4
     509         8
     507         1
     431         8
     330        14
     304         6
     292         9
     270        19
     215        11
'TEST0038'
      20
    1000
     794        15
     791         3
     773         9
     770        12
     729        17
     723         8
     696        20
     692        21
     640         1
     628         3
     601         4
     598        22
     597        18
     573         7
     562         1
     541        21
     540         1
     524         6
     312         5
     297         6
'TEST0039'
      20
    1000
     711        15
     706        15
     693         2
     559        10
     538        11
     533        14
     511         8
     495        10
     475        17
     465        14
     438         4
     388        10
     386        12
     379         1
     313        11
     311         8
     297        14
     287         5
     280        11
     239         8
'TEST0040'
      20
    1000
     769        12
     700        13
     697         1
     663         6
     659        11
     642        11
     617        11
     610        16
     573        17
     551         7
     522         4
     510        11
     504        10
     490         8
     418        12
     412         5
     388         1
     374         8
     281        15
     263        21
'TEST0041'
      20
    1000
     723         8
     721         7
     718        12
     717         2
     636        17
     543        18
     538        16
     497         1
     464        21
     441         7
     390         8
     351         8
     344        14
     332         3
     323         5
     318         2
     288        14
     277        18
     259        15
     229         4
'TEST0042'
      19
    1000
     783        16
     736         5
     719        18
     718         9
     657         2
     617        21
     583         6
     581        12
     512        13
     506         6
     477        10
     474        16
     444        19
     440         4
     380         9
     316         9
     309         9
     272         2
     252        14
'TEST0043'
      19
    1000
     772        15
     768        15
     743         2
     700        18
     690         3
     668         7
     620        15
     603         7
     600         7
     589        10
     578        29
     530         8
     519         6
     469         9
     466         9
     316         1
     280        11
     272        14
     230        14
'TEST0044'
      20
    1000
     793         2
     771        17
     729        16
     723        13
     712         1
     677         5
     666        11
     611         4
     586        17
     575         1
     559        11
     550        16
     532        16
     450        14
     429         6
     404         8
     372        12
     364        17
     305         1
     200        12
'TEST0045'
      20
    1000
     789        11
     759        10
     707        14
     695        22
     665        12
     646        21
     643        24
     596        24
     591         7
     549         8
     523         2
     449         5
     436         3
     433         6
     386         1
     341         6
     337         2
     306         1
     222         2
     201        19
'TEST0046'
      20
    1000
     787         6
     764        16
     738         3
     706         3
     684        15
     681         8
     630         8
     551        11
     525         5
     492        13
     478         6
     443        14
     399        17
     378         5
     333        18
     262        18
     223         7
     218        12
     214         1
     200        14
'TEST0047'
      19
    1000
     775        13
     772        10
     698         9
     657        14
     653        15
     641        12
     614        11
     613         7
     462        33
     396         3
     389        16
     370         3
     364        11
     350        15
     311         4
     274         1
     261        15
     257         4
     227         4
'TEST0048'
      20
    1000
     786         8
     762        16
     713        13
     689        16
     656         1
     626        12
     614         3
     559        13
     546         9
     545        11
     442        11
     427         9
     378         5
     347        10
     326        13
     302         5
     266         1
     263        16
     259        15
     219        13
'TEST0049'
      20
    1000
     759         2
     758         8
     741        16
     737         4
     735         1
     720        16
     693        17
     631        16
     609         9
     605         9
     585        13
     549         8
     501        13
     460         8
     431         7
     369        10
     317         3
     272        16
     270        10
     207        14
'TEST0050'
      20
    1000
     711         2
     699        16
     676        19
     639        19
     600         4
     575        17
     542        10
     499        13
     490        16
     433         8
     424        11
     399        14
     386         9
     345         4
     338         2
     288         4
     276         3
     257         1
     252        16
     239        12
'TEST0051'
      20
    1000
     761        12
     757        14
     755        10
     754         3
     708        10
     705        10
     699        12
     645        14
     622        11
     594         9
     574        11
     539        10
     517         5
     493        12
     478        12
     415        14
     301         2
     261        15
     238        12
     226         2
'TEST0052'
      19
    1000
     769         2
     733         3
     699         6
     630        15
     612         1
     584        15
     559        19
     470        11
     457         5
     446        12
     439        12
     427        17
     415        12
     369        15
     358        14
     300        12
     278         2
     254        18
     235         9
'TEST0053'
      19
    1000
     667        16
     565        11
     547        14
     542         4
     534         6
     532        14
     530        12
     499         3
     473         3
     464        15
     440         3
     439        16
     419        11
     362         8
     361        25
     330         8
     266        17
     263         6
     239         8
'TEST0054'
      20
    1000
     789         1
     780        13
     761        17
     732         8
     708         8
     653        10
     614         7
     613         6
     594         6
     592        10
     571         9
     508         3
     490        15
     411        12
     401        14
     389        14
     271         3
     262        16
     258        16
     233        12
'TEST0055'
      20
    1000
     792         4
     754         3
     735         7
     654         9
     636         7
     584         8
     573         2
     546         5
     545         3
     518        17
     438         5
     419        13
     413        20
     405         5
     373        19
     366        18
     356        19
     343        10
     342        14
     315        12
'TEST0056'
      20
    1000
     791         5
     758         8
     734         8
     594         5
     584         4
     571         1
     521        15
     517        10
     507        15
     478        16
     408        17
     373         1
     364         3
     310        14
     298        17
     252        10
     250        13
     244        16
     237        16
     209         6
'TEST0057'
      18
    1000
     753        17
     728        20
     726         6
     703         8
     615         8
     608         7
     594        12
     551        12
     510        12
     498        15
     390         7
     355        10
     323         7
     314         8
     274        12
     240        17
     232        12
     206        10
'TEST0058'
      20
    1000
     800         9
     799        17
     786         1
     658        15
     612         7
     597         1
     572         3
     564        11
     556        15
     543         4
     519         6
     512        15
     493        12
     460        20
     445        21
     419        18
     413         5
     406         3
     349        11
     245         6
'TEST0059'
      19
    1000
     779         2
     726         8
     719         7
     662         2
     640        15
     618         8
     605        13
     598         3
     539        16
     496        20
     494        17
     492        16
     453         8
     452        14
     441         4
     367        18
     248         8
     234         8
     204        13
'TEST0060'
      20
    1000
     786        11
     712         4
     701         1
     698        16
     647        16
     572        13
     527        13
     520        12
     499         9
     488        12
     466         6
     462        10
     344        16
     342        12
     341        13
     333        14
     299         3
     276         5
     221         8
     200         6
'TEST0061'
      20
    1000
     742        10
     627        17
     608         9
     607         1
     567         4
     551        19
     526        13
     488         2
     469         5
     413        17
     388        16
     375         4
     374        16
     345        11
     335         9
     332        17
     331         6
     312         5
     227        17
     222         2
'TEST0062'
      20
    1000
     794         4
     781        17
     758        18
     741         2
     691        16
     671         9
     647        11
     600        13
     595         1
     495         2
     493         5
     454         2
     408        16
     392        15
     361         7
     339        19
     323        18
     304         5
     279        11
     224         9
'TEST0063'
      20
    1000
     770        11
     746         6
     729        11
     645        18
     625        14
     621        14
     589        14
     562         9
     557        10
     527        20
     523         1
     517        19
     491        14
     457        14
     450         1
     418         2
     407         1
     316         3
     269        16
     214         2
'TEST0064'
      20
    1000
     743        16
     729         4
     728        12
     700        10
     628         3
     597        12
     590         1
     586        12
     582         1
     566         7
     534        16
     525        13
     514        14
     441        17
     435        16
     318        17
     307        18
     280         2
     265         8
     209         1
'TEST0065'
      19
    1000
     793        18
     767         6
     764         2
     763         2
     718        21
     704        13
     688        31
     671        12
     669        16
     651         7
     553        20
     490        14
     466         5
     390         1
     359         1
     319        19
     294         1
     272         2
     242         9
'TEST0066'
      19
    1000
     748        17
     729         1
     705        19
     684         2
     666        17
     656        15
     655        22
     623        10
     571         8
     555         4
     553        16
     537         9
     488        15
     477        11
     463         8
     386         5
     365        14
     234         6
     224         1
'TEST0067'
      20
    1000
     773        15
     772         7
     739        11
     694         2
     677        20
     633         6
     541        18
     536         2
     528        18
     517        11
     464         2
     459        13
     438        15
     422         2
     387        12
     357         1
     336        10
     335        13
     305         7
     284        15
'TEST0068'
      20
    1000
     790         4
     789        10
     787        10
     770         9
     760         9
     744        18
     707         1
     681        12
     564         6
     554        16
     536         4
     526        13
     521         7
     477        18
     432        15
     353         4
     348        11
     304        11
     241        18
     220         4
'TEST0069'
      20
    1000
     779        16
     738         6
     699        14
     690         2
     670         2
     660        17
     622        16
     604        17
     600         1
     586         3
     557        17
     546         3
     510        12
     467        14
     378        13
     372         3
     287         3
     285        16
     236        11
     205        14
'TEST0070'
      19
    1000
     743        12
     721        10
     718        11
     705         9
     698         5
     651         7
     637        17
     606        12
     592        12
     581        14
     571        17
     471         7
     470         2
     432         5
     382        18
     369         3
     305         5
     291        16
     242        18
'TEST0071'
      20
    1000
     791        16
     771         6
     765        15
     740        19
     709        10
     678         4
     666         4
     595         8
     561        18
     515         7
     454         1
     412        10
     404         8
     349         4
     336         8
     333        13
     332        16
     261         8
     243         9
     235        16
'TEST0072'
      20
    1000
     795        13
     794        15
     774        14
     692        12
     659        12
     603        17
     577         6
     576        19
     559        13
     508         6
     492         4
     452         7
     396        14
     387        13
     359         2
     294         3
     260         2
     238         6
     225        17
     209         5
'TEST0073'
      20
    1000
     773        18
     768         1
     752        10
     742        14
     703         1
     690         5
     623        19
     618         5
     594         9
     570        10
     567        18
     534        18
     487         2
     458        19
     429        10
     338         2
     314        13
     287         6
     240        19
     236         1
'TEST0074'
      20
    1000
     798        19
     739        15
     658         1
     643        18
     617         2
     599         7
     573         8
     564         2
     531        11
     520         9
     500        10
     499        18
     478         8
     448        20
     415         2
     391         2
     283         4
     265        17
     259        11
     230        16
'TEST0075'
      20
    1000
     758        11
     755        15
     744        13
     728        13
     710        14
     670         5
     662         6
     660         9
     612         8
     602        13
     599         3
     564        18
     528         4
     490         8
     451        11
     446        11
     417         9
     414        15
     289         7
     254         7
'TEST0076'
      19
    1000
     796         7
     774         9
     714         9
     656        17
     647        16
     637         1
     538         7
     522         6
     517        18
     462         2
     421        12
     419        15
     392         6
     366         3
     285        17
     276         8
     218        15
     215        16
     214        16
'TEST0077'
      19
    1000
     668        12
     666         2
     640        17
     631        14
     620        12
     595         5
     589         1
     588        16
     578         4
     564        12
     542        38
     516        14
     468        13
     461         2
     412         9
     368         6
     324         7
     305        13
     206         3
'TEST0078'
      20
    1000
     771         9
     740        24
     737         1
     729        23
     713         9
     691        19
     669         1
     651        11
     582         5
     573         4
     533         3
     499         8
     481        12
     477        23
     447        11
     427        13
     346        10
     311         5
     293         3
     228         6
'TEST0079'
      20
    1000
     791        15
     789         7
     772        19
     754        16
     700         6
     626         5
     601         8
     549         2
     520        18
     507         4
     469        19
     460        13
     371        17
     345         5
     333         4
     309         7
     290        12
     247         8
     217        11
     203         4
'TEST0080'
      17
    1000
     799        17
     798        17
     779        13
     764         2
     690        10
     630        15
     604        17
     552         2
     529        10
     493         8
     426        13
     418        12
     403        26
     394         9
     358         5
     298         8
     250        16
'TEST0081'
      20
    1000
     712         2
     676         3
     633        13
     613        13
     600         4
     563        18
     560        17
     554        12
     510         6
     478         9
     439        13
     430        12
     417        12
     362        17
     360        12
     345        10
     254        12
     219         5
     216         6
     200         4
'TEST0082'
      20
    1000
     704         1
     666         5
     656         4
     612        10
     610        12
     584        22
     579        11
     573         5
     568         2
     518         1
     485        14
     471        13
     400         5
     391        18
     341        20
     317         5
     311         7
     291        20
     251        14
     222        11
'TEST0083'
      20
    1000
     790        14
     778         4
     749        21
     738        12
     727         7
     709         7
     702         5
     596        13
     537         6
     532         8
     437         2
     395         7
     355        14
     333        20
     299        11
     298         7
     264        15
     249         1
     246        11
     241        15
'TEST0084'
      20
    1000
     741        15
     708        15
     707         1
     667        11
     620        11
     583         8
     579         2
     577        16
     562        13
     543        15
     505         8
     439         3
     396        16
     382        13
     356        11
     332         2
     273        11
     247        14
     214         8
     212         7
'TEST0085'
      20
    1000
     776         2
     722         1
     666        16
     663         8
     547         6
     518         9
     481        12
     479        15
     468         7
     444        16
     428         6
     425        12
     385         5
     374         3
     346        16
     312         4
     284        15
     219        16
     216        13
     206        18
'TEST0086'
      20
    1000
     735         8
     708         1
     673        19
     669         3
     662         8
     638         1
     610        21
     605        11
     547        13
     488         7
     459         5
     431        20
     420         8
     398        21
     387        11
     379         6
     367        18
     334         5
     272         6
     238         8
'TEST0087'
      20
    1000
     786         8
     781         2
     777         6
     683        17
     677         5
     673        16
     662        17
     622        12
     605         8
     604        12
     459         3
     440        11
     399        11
     367        17
     326         1
     312         7
     307        12
     288        16
     276         5
     200        14
'TEST0088'
      20
    1000
     760         4
     697         2
     690        13
     669        12
     652         3
     649        11
     625        14
     615        11
     589         1
     585         4
     567        17
     553         4
     512        12
     492         7
     469        15
     459         9
     373        16
     326        10
     303        16
     230        19
'TEST0089'
      20
    1000
     743        17
     720         7
     702         3
     675         9
     671        10
     640        18
     560        11
     550        13
     513        13
     498         9
     494        17
     484         2
     436        18
     396         3
     379         3
     374        18
     373         5
     370         2
     366        13
     263         9
'TEST0090'
      20
    1000
     769        18
     751        13
     735         7
     733         9
     720        10
     684        15
     668        17
     630        16
     612         3
     585        12
     576         2
     548         2
     538         9
     491         4
     346        16
     303         2
     255        12
     250         3
     236        15
     220        15
'TEST0091'
      19
    1000
     736         1
     708         4
     704         7
     680        12
     646         5
     642         4
     620         3
     601        16
     500        14
     475        14
     457        11
     429         6
     427        16
     382        15
     378        34
     297        21
     292         2
     285         8
     233         7
'TEST0092'
      20
    1000
     782         9
     718         4
     668         2
     641         9
     580        10
     566         6
     495        12
     449         6
     439         7
     433        19
     395         9
     369        17
     328         4
     307        18
     278         8
     270        12
     257        21
     239         5
     214        16
     200         6
'TEST0093'
      20
    1000
     790        14
     744        12
     721        17
     685        14
     617        15
     607         9
     595         2
     583        17
     579         6
     520        16
     405        10
     388         3
     320        15
     312         3
     283        12
     282         9
     266         7
     251         2
     227         5
     221        12
'TEST0094'
      20
    1000
     798         6
     789         2
     761         8
     747        21
     732         6
     724        15
     715         5
     695        15
     639        12
     583         6
     557        13
     438         1
     407        18
     390         7
     386        19
     370         4
     349        16
     302         6
     231         3
     227        17
'TEST0095'
      19
    1000
     794        17
     788         7
     771        15
     728         4
     718        10
     679        13
     665        13
     650         1
     580         6
     577         8
     557        28
     539         5
     506        17
     330        18
     316        14
     309         2
     298         1
     258        17
     212         4
'TEST0096'
      20
    1000
     745         3
     728        19
     677        18
     669         4
     649         5
     642        28
     629        11
     622         1
     614        14
     589         1
     553         1
     550        11
     509        18
     497        17
     487         4
     436        20
     373         2
     279         5
     238        11
     237         7
'TEST0097'
      18
    1000
     799         2
     748         1
     696         2
     681        10
     576         5
     543        18
     493        14
     467        16
     455        10
     413         9
     401         6
     398        14
     395        32
     361         3
     336        12
     311        20
     254        17
     253         9
'TEST0098'
      20
    1000
     788        13
     770         6
     731         8
     722        16
     715        12
     712        10
     706         8
     684        15
     668         1
     620        11
     618         9
     599        15
     485         1
     475        15
     465        13
     439        16
     333        13
     260         4
     236         6
     217         8
'TEST0099'
      20
    1000
     800         2
     787        16
     779         7
     742        12
     730        11
     683         2
     530        13
     508        13
     435         9
     410         6
     405         5
     395         9
     380         6
     369        17
     342         7
     272        15
     265        15
     259        11
     247        12
     235        12
'TEST0100'
      19
    1000
     784        12
     783        17
     763         1
     744         4
     731        10
     712         2
     711         3
     705         7
     682         9
     661        11
     644        15
     633        10
     611        20
     513        21
     509        13
     474        21
     411         4
     376         1
     302        19
