'TEST0001'
      10
    1000
     684       126
     667       129
     606       170
     594       168
     563       108
     529        40
     510        49
     403        63
     372        95
     209        52
'TEST0002'
      10
    1000
     749        39
     618       179
     502        72
     480       140
     455       162
     452       108
     427       105
     374        61
     354        28
     304       106
'TEST0003'
      10
    1000
     791        88
     762       135
     670        28
     557        37
     488        84
     323         3
     322        26
     315       209
     276       217
     263       173
'TEST0004'
      10
    1000
     794        84
     753       200
     727       102
     705        31
     615        65
     492        21
     418        64
     291       177
     233        94
     211       162
'TEST0005'
      10
    1000
     788       147
     752       120
     688       137
     668        69
     601       101
     584       132
     483       102
     386       144
     371         3
     219        45
'TEST0006'
      10
    1000
     799       245
     782        24
     746       208
     728        32
     621       235
     616         7
     551       143
     511        56
     430        33
     216        17
'TEST0007'
      10
    1000
     789       154
     624        48
     555       180
     517       142
     461        74
     429        29
     428       113
     304        42
     300       199
     260        19
'TEST0008'
      10
    1000
     774        58
     673        88
     644        64
     626        66
     606       122
     448       159
     445       138
     258       125
     251       112
     248        68
'TEST0009'
      10
    1000
     763        91
     548       152
     461       123
     375        65
     373       108
     368        75
     318        92
     314        63
     298        94
     203       137
'TEST0010'
      10
    1000
     771       173
     732       218
     656        46
     651        54
     533        38
     434       178
     429         7
     323       169
     264         6
     221       111
'TEST0011'
      10
    1000
     738       156
     697       140
     670        70
     576        19
     544        50
     459       159
     421       102
     348       134
     320       158
     262        12
'TEST0012'
      10
    1000
     798        92
     772       113
     748       102
     720        90
     695       161
     661       128
     648       125
     539        60
     411        92
     203        37
'TEST0013'
      10
    1000
     688        39
     662       159
     632        13
     476        65
     372        93
     355       199
     343       189
     316         9
     275        62
     201       172
'TEST0014'
      10
    1000
     791       158
     688       105
     581        96
     553       212
     518        48
     466        95
     455        18
     453         7
     420       100
     388       161
'TEST0015'
      10
    1000
     740       103
     663        72
     620       131
     587       110
     543       111
     539        92
     520        70
     498        87
     448       116
     254       108
'TEST0016'
      10
    1000
     707       129
     592        20
     586       114
     526       103
     482        81
     418       173
     385        53
     301        92
     235       168
     214        67
'TEST0017'
      10
    1000
     756        34
     712        59
     626       173
     591        13
     568       239
     536        86
     398       232
     271        15
     266        68
     235        81
'TEST0018'
      10
    1000
     707        45
     703       177
     674        61
     611       154
     578        21
     523       211
     450        42
     326       136
     314        40
     263       113
'TEST0019'
      10
    1000
     798       161
     792       140
     733        55
     687         6
     665        97
     576       120
     501        74
     412       119
     313        63
     260       165
'TEST0020'
       9
    1000
     489        63
     445       195
     412        52
     408       143
     398        15
     321       187
     310       239
     309        28
     270        78
'TEST0021'
      10
    1000
     782       137
     777       208
     738       170
     553        23
     486        10
     430        48
     334       181
     291       126
     254        40
     252        57
'TEST0022'
      10
    1000
     741        50
     715        74
     645       124
     633       173
     549       109
     417        63
     380        51
     301       110
     260       171
     251        75
'TEST0023'
      10
    1000
     778       140
     734        27
     723        99
     553        81
     540       172
     518        42
     490       160
     453       115
     389       133
     367        31
'TEST0024'
      10
    1000
     795       143
     721       143
     623        26
     603       190
     595        26
     526        48
     466       111
     465       150
     330        79
     208        84
'TEST0025'
      10
    1000
     712       170
     686         1
     568       144
     520        45
     514       186
     474        96
     355       141
     334         1
     294       154
     255        62
'TEST0026'
      10
    1000
     795        34
     789       150
     716       111
     647        89
     622       137
     534       190
     513       129
     352       100
     263        45
     209        15
'TEST0027'
      10
    1000
     755        75
     606       121
     569       134
     498       135
     392       152
     354        64
     341        41
     310       158
     282        86
     253        34
'TEST0028'
      10
    1000
     766        28
     748        60
     687       123
     643       137
     522        90
     495       156
     385       121
     342        65
     261       153
     254        67
'TEST0029'
       9
    1000
     756         7
     677       150
     628       130
     604        60
     577       226
     484        59
     385       163
     335       129
     262        76
'TEST0030'
      10
    1000
     762        41
     699       164
     585        33
     517        47
     448       131
     434       123
     420        97
     370       163
     364        65
     302       136
'TEST0031'
      10
    1000
     739        36
     635       133
     626        57
     625       192
     556       170
     517        90
     494        17
     471       159
     446       112
     255        34
'TEST0032'
      10
    1000
     707       113
     697       124
     576        97
     568       110
     440       107
     423         3
     368       142
     324       122
     308        50
     252       132
'TEST0033'
      10
    1000
     753       125
     698       152
     692       153
     486        28
     440        64
     404        84
     343        74
     327       115
     325       101
     305       104
'TEST0034'
      10
    1000
     774       147
     756       204
     690       197
     638       107
     629       129
     601       108
     546        22
     477        24
     309        23
     201        39
'TEST0035'
      10
    1000
     775       132
     742       167
     691        72
     599        53
     534       165
     515       128
     472       177
     398        18
     385        54
     247        34
'TEST0036'
      10
    1000
     788       132
     754       142
     687        51
     642       130
     522       116
     516       102
     404        91
     368        50
     345       107
     274        79
'TEST0037'
      10
    1000
     735        37
     686       121
     667        84
     612       100
     583        99
     578       151
     465       167
     457        75
     413        97
     331        69
'TEST0038'
      10
    1000
     790       169
     736        72
     597        15
     587       106
     504        52
     456        41
     401       168
     384        45
     294       127
     272       205
'TEST0039'
      10
    1000
     793       132
     730       139
     699        99
     652       112
     618        39
     519       127
     418         5
     407       110
     279        88
     251       149
'TEST0040'
      10
    1000
     760       130
     634       149
     609       152
     564       149
     461        75
     436         5
     321        76
     264        91
     259        72
     213       101
'TEST0041'
      10
    1000
     752       120
     663        53
     640       171
     630        61
     377        30
     321       206
     312       171
     262       113
     244        10
     205        65
'TEST0042'
       9
    1000
     780        27
     709        25
     708       143
     562       159
     402       132
     367         5
     329       110
     300       167
     255       232
'TEST0043'
      10
    1000
     755       167
     744       112
     657        49
     649       142
     647        31
     566       104
     553        48
     449       151
     386       138
     309        58
'TEST0044'
      10
    1000
     744       165
     525       169
     508        32
     466        76
     434        36
     426       158
     297       156
     270       146
     254        27
     243        35
'TEST0045'
      10
    1000
     767         1
     698        76
     609        47
     599       203
     476        84
     423        33
     421       277
     404        82
     282       138
     238        59
'TEST0046'
      10
    1000
     756        32
     732        30
     627       141
     599       219
     565       192
     563       155
     506        58
     452        67
     381         8
     209        98
'TEST0047'
       9
    1000
     796       220
     771        22
     687       237
     546         8
     478        95
     423        53
     406       114
     305       187
     261        64
'TEST0048'
       9
    1000
     781       232
     744        91
     611       239
     570        64
     542        37
     397       177
     382         8
     381        75
     235        77
'TEST0049'
      10
    1000
     653       151
     631         2
     575       216
     519        64
     450        88
     356        33
     341        88
     313       192
     303       121
     249        45
'TEST0050'
      10
    1000
     777        92
     751       130
     678        53
     664       153
     605        37
     526       124
     456        54
     386        36
     296       144
     251       177
'TEST0051'
      10
    1000
     787        78
     763        64
     720       183
     648        82
     479       166
     386       125
     325        19
     317        18
     307       176
     278        89
'TEST0052'
      10
    1000
     730       108
     606       143
     536         9
     482        19
     470       162
     441       138
     407       148
     386       131
     347        92
     220        50
'TEST0053'
      10
    1000
     683        91
     534        23
     530        37
     439       114
     350       215
     280        56
     258       107
     244        77
     234       199
     225        81
'TEST0054'
      10
    1000
     704       160
     678        30
     650       201
     618        65
     617       172
     418        47
     387        77
     383        83
     252        71
     250        94
'TEST0055'
      10
    1000
     787       107
     698        51
     662        13
     638       169
     583        25
     495       176
     472        62
     419       161
     343       215
     256        21
'TEST0056'
      10
    1000
     757       120
     742        36
     718       112
     705       130
     648       145
     642        43
     536       162
     487        11
     328        76
     224       165
'TEST0057'
      10
    1000
     799        62
     783       131
     683        61
     529       151
     526       130
     502       132
     490        34
     456        97
     340       111
     323        91
'TEST0058'
      10
    1000
     685       142
     624        27
     557        79
     535       107
     525       191
     519       118
     478        51
     398         2
     350       200
     336        83
'TEST0059'
      10
    1000
     638       175
     634       221
     579        43
     567        57
     509       128
     440       142
     402        25
     331       105
     283        76
     277        28
'TEST0060'
      10
    1000
     767       169
     672       157
     625        33
     528        69
     485        42
     451       126
     383        78
     292       143
     249       152
     244        31
'TEST0061'
      10
    1000
     686       167
     676       120
     642       111
     567        21
     517         9
     507        33
     489       180
     480         1
     278       142
     220       216
'TEST0062'
       9
    1000
     765       169
     751        48
     719       106
     673        46
     647       298
     448       118
     295       145
     282        28
     243        42
'TEST0063'
       9
    1000
     767       128
     728         2
     678         2
     595       115
     563       148
     511       162
     380       142
     372       125
     251       176
'TEST0064'
      10
    1000
     649       226
     632        31
     620        53
     613        51
     575       285
     569        61
     566        77
     532        49
     403       130
     263        37
'TEST0065'
      10
    1000
     681       134
     500        16
     461        82
     454       112
     393       168
     351       161
     329       181
     282        95
     252        13
     224        38
'TEST0066'
      10
    1000
     760       173
     734        33
     677       135
     621        81
     503        67
     482       139
     341       149
     305        68
     241       151
     210         4
'TEST0067'
      10
    1000
     750        27
     677       180
     478       158
     461        76
     456        69
     435        47
     427        58
     399        33
     336       203
     266       149
'TEST0068'
      10
    1000
     687       137
     544       179
     527        37
     389       148
     361       153
     337        29
     301        91
     290        71
     266       137
     253        18
'TEST0069'
      10
    1000
     769        53
     694        28
     639       194
     615       140
     550        94
     544       170
     518        50
     506       165
     378        27
     331        79
'TEST0070'
      10
    1000
     723       122
     694       110
     623        98
     544       148
     526       107
     468       193
     431        18
     424        65
     422        61
     385        78
'TEST0071'
      10
    1000
     703        94
     662        74
     644       141
     616       105
     521        15
     334       160
     255       160
     248        58
     241        90
     238       103
'TEST0072'
      10
    1000
     750       131
     722       114
     716       133
     715        36
     636        62
     634        81
     533       178
     523       121
     341       134
     279        10
'TEST0073'
      10
    1000
     741       182
     740        98
     738        22
     701        33
     547       179
     509       113
     507       119
     431        98
     330       127
     215        29
'TEST0074'
      10
    1000
     783         1
     730        52
     710       104
     579        19
     542        95
     538       175
     516        77
     443       110
     416       239
     364       128
'TEST0075'
      10
    1000
     794        94
     773       104
     723        25
     696       138
     692       154
     628       103
     598        29
     573        89
     541       114
     524       150
'TEST0076'
       9
    1000
     742        49
     733       241
     656       199
     606        75
     516         4
     429       231
     420         1
     283       120
     204        80
'TEST0077'
      10
    1000
     706       196
     693       106
     533        72
     511       138
     465        91
     379       130
     311       113
     287        37
     280        72
     239        45
'TEST0078'
      10
    1000
     799        42
     748       114
     725       144
     702         6
     698       129
     584        96
     554       164
     549        64
     498       134
     271       107
'TEST0079'
      10
    1000
     769       129
     700       145
     617        94
     610        85
     551       134
     504       109
     418        90
     412        24
     374       135
     263        55
'TEST0080'
      10
    1000
     706        45
     697       114
     596       107
     578        79
     536       131
     532        58
     528        16
     412        89
     384       161
     222       200
'TEST0081'
      10
    1000
     721       173
     718        77
     717       267
     636        61
     543        39
     464        15
     390        30
     344        63
     332       123
     288       152
'TEST0082'
      10
    1000
     792        83
     708        90
     688       153
     642        30
     549        55
     420        27
     407       156
     405       199
     254       161
     235        46
'TEST0083'
       9
    1000
     581       106
     474        89
     444        97
     440        64
     380       135
     316        72
     309       244
     272        71
     252       122
'TEST0084'
      10
    1000
     792       113
     697       180
     641       204
     574        45
     536        96
     465        98
     375        35
     362        64
     331        17
     268       148
'TEST0085'
      10
    1000
     772        77
     768        76
     700       108
     668       140
     600        91
     589       108
     530         9
     316       115
     280       155
     272       121
'TEST0086'
       9
    1000
     798       105
     721       171
     694        79
     690        57
     539        83
     429        94
     422       108
     285       139
     276       164
'TEST0087'
      10
    1000
     729       112
     723        78
     712       178
     677       117
     666       109
     611        33
     586        64
     532        72
     364       185
     200        52
'TEST0088'
      10
    1000
     777        98
     761       145
     745       145
     644       121
     580        57
     377        69
     333       108
     260       154
     248         9
     210        94
'TEST0089'
      10
    1000
     789        84
     695       150
     665       170
     643        46
     596        36
     523       187
     436         1
     386       117
     341        78
     222       131
'TEST0090'
      10
    1000
     745        45
     732       104
     691        75
     677       137
     519         6
     470       138
     440        32
     418         9
     369        49
     367       405
'TEST0091'
      10
    1000
     787       188
     738       108
     706        97
     681       117
     478        44
     399       161
     262        59
     223       143
     218        81
     214         2
'TEST0092'
      10
    1000
     645        54
     596       121
     558       154
     509        45
     419       165
     416       163
     351        61
     322       109
     293         1
     273       127
'TEST0093'
      10
    1000
     772        29
     657        59
     653        77
     641        22
     613        24
     389       103
     370       225
     364       195
     311       103
     227       163
'TEST0094'
      10
    1000
     796        36
     762       220
     726        40
     688       147
     633       201
     625        51
     565         4
     545       205
     511        53
     446        43
'TEST0095'
      10
    1000
     786        43
     762       147
     713       208
     656       152
     626       176
     546        62
     427        54
     378       103
     259        27
     219        28
'TEST0096'
      10
    1000
     790       109
     781        88
     681        50
     673       104
     626       137
     608        49
     519        15
     486       162
     306       151
     207       135
'TEST0097'
      10
    1000
     758        21
     735       156
     631       150
     609       161
     605        75
     585        87
     549       142
     431       155
     317        49
     270         4
'TEST0098'
      10
    1000
     758       128
     725        83
     720       128
     703        81
     494        72
     484        97
     445        28
     344       158
     253       102
     248       123
'TEST0099'
      10
    1000
     711        32
     699        22
     600       187
     575       127
     542        85
     386        96
     345       100
     338        25
     288       124
     239       202
'TEST0100'
       9
    1000
     785       331
     728       111
     704        47
     686        30
     612        51
     515        42
     450         2
     323       203
     261       183
