'TEST0001'
      20
    1000
     757       102
     750        93
     648        92
     625        64
     576        56
     566       153
     545        83
     529       200
     488       110
     486        38
     443        39
     429       180
     418        73
     286       141
     277       164
     236       109
     234       105
     225        62
     185        28
      22       108
'TEST0002'
      20
    1000
     789       171
     770         4
     750        94
     742        29
     629        71
     615       192
     482       134
     481       179
     389       164
     318        11
     306        80
     172       190
     171        97
     161        30
     139        61
     111        20
     106        61
     101       169
      93        89
      22       154
'TEST0003'
      20
    1000
     793        72
     784         5
     779       131
     741       109
     736        97
     711       164
     653       186
     647       170
     626       129
     555       181
     548       185
     538        18
     516       157
     382        24
     379       177
     254         5
     244       108
     235        42
      35        25
      24        15
'TEST0004'
      20
    1000
     786       139
     682        17
     617       196
     568        85
     531       146
     488        17
     477       162
     428        84
     392       152
     353        20
     312        57
     310        87
     258        63
     172        65
     153       120
     147       156
     142       136
     108       123
      89       110
      71        65
'TEST0005'
      20
    1000
     787       210
     751       196
     708         8
     638       168
     564        85
     490        45
     481        24
     476        86
     468       166
     394       123
     354       154
     345       194
     332        41
     241        48
     238        34
     232       158
     165         6
     160       151
     139         5
      13        98
'TEST0006'
      20
    1000
     793       113
     786       125
     779       131
     719       151
     699        86
     667       145
     664        53
     629         1
     513       139
     505       117
     463        87
     355       106
     351        96
     301        84
     256       151
     205       120
     168       117
     102        56
      91        87
      65        35
'TEST0007'
      20
    1000
     754       125
     716        95
     659       113
     652       210
     618        91
     605        78
     578        90
     373       173
     358       136
     252        67
     241       129
     237        86
     214        79
     198       174
     163        39
     157        78
     109        15
      60         6
      42        82
      12       134
'TEST0008'
      19
    1000
     758        73
     720        86
     673         6
     640        14
     638       128
     619       353
     594       152
     563       111
     535        40
     519       134
     505        21
     462       118
     456       106
     432        84
     418       180
     409        55
     402        96
     337       174
      82        69
'TEST0009'
      20
    1000
     751       114
     741        88
     730       167
     684       179
     571        45
     545       177
     525       133
     495       145
     452        40
     275        22
     271        40
     263       157
     220        54
     192       137
     114        18
     103       187
      97        37
      56       121
      54        36
      50       103
'TEST0010'
      20
    1000
     798        32
     789        50
     729        95
     711        55
     708        91
     651       132
     622       112
     618        97
     530        50
     529        50
     505        78
     431       240
     407        64
     330       177
     289        18
     285       232
     247        82
     158       214
      89        34
      37        97
'TEST0011'
      20
    1000
     778       186
     776       153
     770       120
     718       177
     679        62
     638       149
     515        35
     475        75
     473        21
     387        18
     313        50
     217        75
     188       125
     187       174
     156       110
     130        63
      93        51
      81       110
      78       172
      46        74
'TEST0012'
      20
    1000
     770        43
     713        86
     699       138
     570       131
     531       106
     475       194
     466       129
     457         3
     441        86
     428       169
     392       131
     385       130
     343        24
     332       174
     273        24
     259        44
     230       101
     148       138
     109        72
      97        77
'TEST0013'
      20
    1000
     800       106
     730       143
     684        51
     665       199
     650        21
     623       175
     611       151
     495       113
     431       201
     424         3
     418        28
     371       126
     269        93
     214        74
     201       115
     187       159
     134       108
      83        84
      16        37
      13        13
'TEST0014'
      20
    1000
     764        53
     740       128
     732        18
     652       158
     646        41
     587        85
     544       140
     496        16
     419        93
     403       163
     366        30
     314        66
     263       136
     213       151
     206        99
     195       172
     172       134
     155        72
     119       169
      79        76
'TEST0015'
      19
    1000
     748       125
     742        76
     689       161
     638       103
     616        33
     598        53
     593       182
     574        80
     542        55
     506       115
     425       174
     384        35
     356        50
     283       139
     276       130
     254       102
     188       173
      91        69
      40       145
'TEST0016'
      20
    1000
     790        37
     720       110
     700        66
     658        50
     583        72
     571        16
     570       148
     550       112
     478       151
     465        32
     427       136
     398       150
     375       117
     367       132
     333       130
     242         3
     155       171
     152       147
      83        61
      77       159
'TEST0017'
      20
    1000
     738       132
     724         1
     718       171
     665       135
     658        85
     594       150
     544       176
     493       123
     483        34
     403       106
     387       131
     353       181
     326       175
     309        95
     279       115
     198        96
     177        20
     175        21
     149        20
     140        33
'TEST0018'
      19
    1000
     766       130
     741       148
     724        45
     698       118
     692        39
     656       156
     555        84
     536       140
     450        20
     424       148
     368       159
     306        58
     270       145
     254       130
     231       115
     227       102
     152        56
      86       121
      73        86
'TEST0019'
      20
    1000
     715        71
     704       229
     650       208
     639        99
     625       154
     553        37
     514       118
     511       150
     508        78
     426        28
     420       140
     411        60
     360        13
     359        88
     348        43
     320        34
     300       139
     290        38
     182       105
     161       168
'TEST0020'
      20
    1000
     797        83
     791        39
     743        19
     708       117
     705        76
     682       179
     667        21
     605       139
     602         4
     587       131
     560       155
     532       178
     472       182
     430       178
     297        90
     283         5
     217        91
     114       109
      77        86
      34       118
'TEST0021'
      20
    1000
     769       223
     737       195
     639       139
     637        39
     620        21
     589        21
     576        64
     449        78
     425       196
     247        50
     244        26
     234        24
     204       139
     170       155
     157       128
     121         5
      92       107
      68       163
      48       218
      16         9
'TEST0022'
      20
    1000
     744        16
     741        19
     726        95
     676       110
     635        81
     615        35
     611        25
     602       194
     598        84
     505       116
     492       203
     474       208
     469        40
     338        94
     260        44
     255       194
     224       191
     223       179
     154        34
     147        38
'TEST0023'
      20
    1000
     757       132
     742       121
     665         3
     549       184
     546        60
     535       142
     376       120
     374       101
     304        84
     301       176
     278        28
     232        27
     227       123
     210       192
     166       168
     135       136
     118        50
      98        59
      60         7
      13        87
'TEST0024'
      19
    1000
     797       160
     794       241
     761       134
     651        14
     631        77
     506        71
     466       212
     388       144
     376        71
     325       203
     304        79
     281       209
     246        56
     213        32
     187       155
     149         7
      91        65
      83        31
      38        39
'TEST0025'
      19
    1000
     736       171
     655        96
     607        55
     578       163
     516        29
     503        15
     430        76
     416       120
     339       141
     306       229
     224       130
     215        52
     196       152
     164        37
     160       124
     146        54
     121        36
      75       144
      15       176
'TEST0026'
      20
    1000
     783        50
     752        70
     694       138
     612         7
     599        91
     590       179
     557        82
     420       114
     378        96
     300        63
     278       120
     267       159
     256        10
     220        22
     175       180
     164       153
     151       165
     113       146
      73       102
      68        53
'TEST0027'
      20
    1000
     780        90
     721        77
     646        76
     450       172
     445       207
     417        22
     393       185
     336        21
     325       172
     294       196
     286       125
     211        23
     208       158
     143        51
     116       135
      91        37
      87        60
      68        65
      54        56
      42        72
'TEST0028'
      20
    1000
     783        92
     688        35
     666         7
     618       122
     587       120
     564       148
     543       141
     519       152
     515        78
     398       138
     368       116
     349        35
     299       109
     206       125
     198       140
     171        41
      90       157
      83        11
      73        74
      50       159
'TEST0029'
      20
    1000
     799       122
     778        72
     645       154
     495       116
     443       177
     439       130
     432       101
     429        55
     428        50
     408       118
     392       128
     366        25
     347        71
     320        96
     303       173
     207       106
     206        46
     195         2
     172       181
     117        77
'TEST0030'
      20
    1000
     587        17
     581       165
     557        32
     509        64
     494        88
     443       115
     417       100
     360        16
     326       149
     325       198
     277       179
     268       165
     198        35
     183        73
     149        44
     119       133
     116        82
     111       151
      80       161
      72        33
'TEST0031'
      20
    1000
     704       128
     649        27
     637        24
     592       162
     588        13
     546        71
     494       136
     465       158
     428       128
     414       149
     394       169
     390        48
     378       106
     365        46
     114       142
     113       157
      78       118
      38       146
      36        28
      14        44
'TEST0032'
      19
    1000
     767       131
     757       177
     711        80
     705       163
     640       148
     623       144
     563        25
     548       166
     529       171
     505       146
     488       167
     426        35
     420        33
     248       185
     237        39
     236        50
      77        32
      20        84
      18        24
'TEST0033'
      20
    1000
     707       133
     660        33
     643       168
     630        95
     528       150
     444       176
     405         3
     375        89
     354        44
     345        13
     326       189
     265        36
     209       148
     180        88
     158        74
     118       152
      79       163
      72        74
      58       165
      42         7
'TEST0034'
      20
    1000
     744       193
     734        36
     661       130
     638       137
     583        64
     551        75
     376        26
     354        40
     347        55
     319        21
     309       168
     284       219
     273        45
     260       181
     220       187
     189        35
     178       111
     130        87
     107       168
      96        22
'TEST0035'
      20
    1000
     760       105
     671        86
     660        74
     589       168
     588        71
     572        59
     557       158
     487       110
     471        72
     463       136
     428       117
     413       105
     330        94
     277       142
     244       103
     190       186
     182        17
     181        63
     105        58
     103        76
'TEST0036'
      20
    1000
     765        97
     764        41
     675       161
     672        94
     618       150
     595       151
     557       152
     508        23
     495       127
     455       127
     433       114
     432       100
     359       116
     283        32
     186        55
      82        71
      80       156
      74       106
      64       118
      60         9
'TEST0037'
      20
    1000
     775       125
     762       175
     722       169
     721       113
     718        72
     670        54
     544       105
     507       193
     482        80
     467       112
     420         1
     419        42
     417        83
     414        15
     314        76
     182       140
     147        62
     131        88
     102       192
      30       103
'TEST0038'
      20
    1000
     792       154
     788        32
     764        87
     761       120
     707       173
     698        84
     663       202
     658       206
     589         2
     574        32
     537        45
     534       219
     532       181
     501        68
     487         3
     459       210
     458         1
     436        63
     158        47
     137        71
'TEST0039'
      20
    1000
     682       154
     676       147
     658        20
     483        98
     455       108
     449       141
     420        84
     398        99
     372       168
     360       140
     323        35
     257        96
     255       121
     245         5
     159       109
     156        81
     137       138
     125        54
     116       113
      61        89
'TEST0040'
      20
    1000
     759       125
     669       131
     664         7
     619        61
     614       109
     592       108
     559       111
     550       164
     501       167
     472        70
     433        43
     418       108
     411       101
     392        75
     298       124
     290        55
     257        15
     240        84
     117       153
      93       189
'TEST0041'
      20
    1000
     698        78
     696        72
     692       123
     691        19
     584       172
     462       179
     455       156
     401        12
     358       208
     327        73
     261        75
     209        82
     200       139
     184        27
     172        50
     166        25
     126       142
     111       181
      88       147
      48        40
'TEST0042'
      20
    1000
     778       157
     716        47
     694       177
     692        94
     611        24
     559       211
     515        62
     512       120
     421       133
     413        58
     374       104
     370       165
     331       187
     326        41
     247        88
     163        90
     154        32
     153        58
     104        15
      79       137
'TEST0043'
      19
    1000
     762       146
     757       145
     725        23
     668       177
     655        25
     627        68
     563       154
     541        68
     536        66
     522       101
     507       284
     445        81
     430        58
     364        86
     360        87
     163         9
     115       111
     105       143
      49       168
'TEST0044'
      20
    1000
     791        18
     761       169
     706       165
     699       134
     684         3
     638        53
     624       115
     550        40
     518       174
     504        15
     482       109
     471       161
     448       161
     340       135
     312        64
     279        77
     236       121
     225       172
     148        10
      11       104
'TEST0045'
      20
    1000
     786       107
     746        97
     678       143
     662       219
     623       121
     597       213
     594       238
     532       243
     524        75
     470        76
     435        21
     338        49
     320        35
     317        64
     255         3
     196        65
     190        15
     150         4
      39        23
      12       189
'TEST0046'
      20
    1000
     783        56
     753       164
     718        34
     676        27
     647       146
     643        81
     576        80
     472       114
     438        45
     395       132
     376        60
     330       136
     272       172
     245        51
     185       185
      92       183
      40        69
      34       122
      29         2
      10       141
'TEST0047'
      19
    1000
     767       126
     763       101
     666        91
     612       142
     607       153
     590       124
     555       107
     554        72
     355       338
     268        27
     259       165
     234        30
     226       110
     207       150
     156        38
     108         3
      91       154
      85        40
      46        29
'TEST0048'
      20
    1000
     782        80
     750       162
     686       132
     654       165
     610         2
     571       119
     555        30
     482       135
     466        89
     464       114
     328       105
     309        86
     245        48
     203       101
     176       133
     144        48
      96        15
      93       157
      88       147
      35       132
'TEST0049'
      19
    1000
     745        92
     722       161
     717        44
     714        15
     695       156
     659       172
     578       162
     549        91
     544        88
     517       131
     469        84
     406       130
     353        82
     314        74
     233        98
     164        28
     105       161
     103       104
      20       127
'TEST0050'
      20
    1000
     683        20
     667       162
     637       187
     588       187
     537        39
     504       169
     460       101
     403       132
     392       156
     317        80
     305       111
     272       143
     256        85
     201        36
     192        23
     127        39
     110        32
      85         1
      79       155
      62       142
'TEST0051'
      20
    1000
     749       117
     744       139
     741       104
     739        25
     679        98
     674        98
     667       118
     595       140
     565       106
     529        88
     503       112
     456        96
     428        50
     395       115
     376       115
     294       140
     144        16
      90       146
      60       125
      44        52
'TEST0052'
      19
    1000
     759        17
     711        27
     667        57
     576       153
     552         1
     516       146
     483       189
     366       107
     348        48
     333       118
     325       116
     309       174
     293       121
     232       146
     218       142
     142       122
     113        17
      81       180
      56       119
'TEST0053'
      19
    1000
     625       165
     490       107
     467       139
     461        37
     450        64
     447       144
     444       118
     404        30
     370        25
     358       154
     326        31
     324       162
     298       114
     223        75
     222       259
     182        82
      97       170
      93        60
      62        64
'TEST0054'
      20
    1000
     785         3
     774       132
     748       169
     711        83
     679        76
     606       104
     555        69
     554        58
     529        57
     526       101
     499        88
     416        28
     391       149
     288       120
     274       141
     259       140
     103        32
      91       156
      87       157
      54       137
'TEST0055'
      20
    1000
     790        42
     740        27
     714        70
     608        88
     584        67
     515        84
     501        22
     466        51
     464        27
     429       166
     324        55
     298       126
     291       202
     280        51
     238       192
     229       182
     216       188
     199        96
     197       144
     161       120
'TEST0056'
      20
    1000
     788        54
     744        75
     713        78
     529        52
     515        36
     498        10
     433       154
     428       102
     414       149
     376       164
     284       174
     238        15
     226        28
     156       145
     140       171
      79        99
      76       129
      67       163
      58       158
      22        44
'TEST0057'
      20
    1000
     738       174
     706        83
     705       119
     703        59
     672        82
     557         1
     556        71
     547        69
     529       117
     472       117
     419       119
     402       150
     261        67
     214       102
     172        67
     160        77
     108       120
      63       174
      53       116
      18       116
'TEST0058'
      20
    1000
     800        90
     798       175
     781         2
     613       149
     552        74
     533        14
     499        33
     489       106
     479       148
     462        40
     429        58
     420       151
     396       116
     352       195
     332       212
     298       177
     290        54
     281        32
     206       114
      70        60
'TEST0059'
      20
    1000
     772        21
     703        77
     693        70
     618        19
     589       146
     560        84
     543       127
     534        30
     456       158
     400       198
     398        84
     397        91
     394       159
     343        83
     342       139
     328        37
     230       182
      74        78
      55        81
      16       136
'TEST0060'
      20
    1000
     781       114
     684        42
     670         5
     666       158
     598       159
     500       131
     440       134
     431       125
     403        95
     389       124
     360        60
     355        98
     200       157
     197       117
     196       126
     185       141
     141        28
     111        52
      37        76
      10        58
'TEST0061'
      19
    1000
     723        97
     572       174
     547        94
     546        11
     493        37
     472       188
     439       133
     389        21
     364        46
     290       166
     257       165
     240       198
     202       115
     188        87
     184       172
     183        64
     157        50
      46       173
      40         9
'TEST0062'
      20
    1000
     792        42
     774       173
     745       175
     722        20
     656       161
     630        85
     599       105
     536       126
     531         1
     398        25
     396        50
     345        18
     284       158
     263       148
     222        69
     193       187
     172       181
     147        48
     115       112
      42       116
'TEST0063'
      20
    1000
     761       111
     729        65
     706       113
     595       179
     569       143
     565       136
     522       137
     486        88
     480        98
     441       201
     436        15
     427       195
     393       136
     349       142
     339         1
     298        15
     283         2
     163        30
     101       162
      29        31
'TEST0064'
      20
    1000
     725       164
     707        41
     705       121
     668       103
     574        26
     532       116
     524        14
     519       119
     512         6
     493        71
     450       161
     438       128
     423       140
     328       166
     319       159
     166       171
     150       177
     116        19
      96        80
      22        18
'TEST0065'
      19
    1000
     791       176
     757        63
     753        21
     751        16
     692       209
     674       134
     653       303
     631       119
     627       158
     604        72
     475       204
     392       139
     360        50
     260        11
     220         7
     167       186
     133         4
     105        15
      65       113
'TEST0066'
      19
    1000
     732       174
     706         2
     675       190
     647        23
     624       168
     610       148
     609       216
     566        99
     499        84
     478        38
     475       162
     454        93
     389       154
     375       110
     357        81
     255        47
     227       139
      55        59
      42        13
'TEST0067'
      19
    1000
     764       211
     720       112
     661        25
     638       200
     580        59
     458       177
     453        23
     442       176
     427       107
     358        23
     351       128
     324       149
     303        22
     256       121
     217         2
     189       102
     188       131
     148        69
     121       163
'TEST0068'
      20
    1000
     787        40
     786       102
     783       102
     760        95
     748        93
     727       182
     678         2
     643       125
     489        59
     476       163
     452        40
     439       125
     433        67
     374       178
     316       153
     212        40
     205       114
     147       112
      64       183
      36        25
'TEST0069'
      20
    1000
     772       155
     719        56
     667       140
     656        16
     628        16
     615       173
     565       160
     542       167
     536         8
     518        26
     480       166
     465        25
     419       117
     361       140
     244       126
     237        26
     125        32
     122       165
      58       108
      17       178
'TEST0070'
      19
    1000
     725       117
     696       100
     692       115
     675        86
     665        47
     604        69
     585       174
     544       123
     526       121
     512       143
     499       165
     366        89
     315        45
     250       177
     233        30
     148        49
     130       165
      66       164
      65        21
'TEST0071'
      20
    1000
     788       157
     761        59
     754       148
     721       188
     680        98
     640        42
     624        40
     530        82
     485       182
     424        65
     344         6
     290       103
     278        80
     206        42
     189        85
     185       128
     184       161
      90        80
      67        93
      56       161
'TEST0072'
      20
    1000
     794       135
     792       146
     766       137
     657       124
     614       123
     540       166
     507        59
     505       185
     483       134
     415        64
     394        40
     342        71
     269       139
     256       128
     220        21
     134        25
      89        24
      60        57
      44       174
      22        48
'TEST0073'
      20
    1000
     764       182
     758        11
     737        95
     724       135
     673         5
     655        54
     567       187
     560        45
     529        94
     497        96
     493       175
     450       175
     388        21
     350       187
     312        97
     192        20
     161       125
     125        65
      62       193
      58        38
'TEST0074'
      20
    1000
     798       189
     720       153
     613         9
     593       183
     560        23
     536        65
     502        84
     489        23
     446       113
     431        88
     405       103
     404       177
     377        75
     336       196
     293        17
     262        16
     120        44
      96       169
      88       106
      49       167
'TEST0075'
      20
    1000
     745       106
     741       149
     726       128
     705       126
     682       140
     629        45
     618        60
     616        88
     553        77
     539       126
     535        31
     489       178
     442        38
     392        83
     341       105
     334       113
     296        91
     292       148
     128        66
      81       102
'TEST0076'
      20
    1000
     795        69
     766        90
     686        92
     611       169
     598       163
     586        12
     456        47
     455        17
     435        63
     427       180
     355        15
     301       123
     298       151
     262        63
     229        27
     122       171
     110        84
      34       151
      30       159
      29       154
'TEST0077'
      19
    1000
     626       117
     623        23
     589       167
     578       141
     563       115
     530        51
     523         5
     521       160
     508        40
     489       123
     460       384
     426       139
     363       135
     354        20
     289        86
     232        62
     174        69
     148       128
      18        35
'TEST0078'
      20
    1000
     761        87
     720       236
     717         6
     707       235
     685        86
     656       187
     628        13
     604       112
     513        49
     501        37
     448        33
     403        77
     380       120
     375       225
     336       115
     310       128
     202       103
     156        46
     133        28
      47        77
'TEST0079'
      20
    1000
     788       150
     786        75
     763       192
     739       164
     668        63
     571        53
     538        79
     469        22
     432       183
     414        35
     364       191
     352       132
     235       169
     201        47
     185        42
     154        74
     128       118
      72        79
      33       106
      14        26
'TEST0080'
      18
    1000
     799       165
     797       168
     772       131
     753        13
     752        12
     656        95
     576       147
     542       170
     474        21
     443        98
     396        77
     308       133
     297       116
     277       268
     265        89
     219        46
     139        84
      76       167
'TEST0081'
      20
    1000
     684        17
     636        33
     580       134
     554       133
     536        38
     487       176
     483       174
     476       125
     418        55
     376        88
     325       129
     313       117
     295       121
     223       173
     220       118
     201       102
      82       119
      36        50
      31        63
      10        35
'TEST0082'
      20
    1000
     673        12
     623        51
     611        37
     552        99
     550       118
     516       219
     509       111
     501        52
     494        15
     428         3
     385       137
     366       135
     273        45
     261       183
     196       203
     164        48
     156        74
     130       202
      78       144
      40       112
'TEST0083'
      19
    1000
     786       144
     771        39
     732       211
     718       120
     704        74
     680        72
     670        46
     532       132
     453        60
     446        82
     322        16
     267        74
     214       141
     185       202
     140       182
      94       150
      75        14
      70       106
      64       135
'TEST0084'
      20
    1000
     722       153
     678       152
     677         2
     625       109
     563       108
     514        83
     509        24
     507       160
     486       134
     462       145
     411        79
     324        32
     268       157
     250       129
     216       109
     183        16
     106       109
      72       135
      28        78
      26        86
'TEST0085'
      20
    1000
     768        16
     697        12
     624       160
     620        85
     466        63
     429        91
     380       123
     377       145
     363        67
     331       158
     310        57
     307       121
     253        53
     240        32
     203       164
     158        38
     120       153
      35       163
      31       135
      18       164
'TEST0086'
      20
    1000
     715        79
     679         3
     633       189
     628        29
     618        76
     586         9
     550       211
     544       111
     467       134
     389        67
     350        48
     314       198
     300        81
     271       213
     256       107
     245        56
     230       179
     186        47
     105        58
      60       105
'TEST0087'
      20
    1000
     782        82
     774        21
     770        62
     646       167
     638        51
     633       161
     618       169
     565       116
     543        81
     542       119
     351        30
     326       107
     272       105
     229       173
     177         9
     157        67
     151       125
     126       160
     111        51
      10       144
'TEST0088'
      20
    1000
     747        37
     665        22
     655       129
     627       117
     605        35
     601       114
     570       141
     557       111
     522        14
     516        44
     493       174
     475        44
     421       124
     394        70
     364       152
     351        93
     238       157
     177        96
     145       165
      50       161
'TEST0089'
      20
    1000
     725       171
     695        69
     670        27
     635        88
     631        97
     589       182
     484       111
     471       127
     422       133
     403        92
     397       165
     384        19
     320       180
     268        34
     246        31
     239       184
     238        54
     233        25
     228       134
      93        77
'TEST0090'
      20
    1000
     758       183
     735       132
     714        67
     712        86
     695       101
     647       146
     626       171
     576       160
     552        34
     517       123
     504        18
     468        17
     454        93
     393        41
     203       156
     146        23
      83       123
      77        34
      58       152
      36       140
'TEST0091'
      19
    1000
     716         2
     679        37
     674        71
     641       119
     597        54
     592        38
     562        27
     537       160
     404       142
     372       138
     348       113
     311        57
     309       156
     249       152
     244       335
     138       212
     132        18
     122        77
      54        92
'TEST0092'
      20
    1000
     776        92
     692        45
     627        19
     590        87
     510       104
     492        57
     399       116
     337        57
     325        67
     317       187
     267        89
     233       169
     179        39
     151       180
     113        81
     102       119
      86       206
      62        51
      28       158
      10        77
'TEST0093'
      20
    1000
     787       141
     727       123
     695       172
     648       139
     559       151
     546        91
     531        21
     514       171
     509        63
     431       161
     280       102
     258        26
     168       148
     158        30
     120       121
     118        90
      98        75
      77        17
      46        54
      37       104
'TEST0094'
      20
    1000
     798        56
     786        24
     749        82
     730       208
     710        60
     700       149
     687        46
     662       152
     588       122
     514        58
     480       127
     323         8
     283       179
     260        68
     255       189
     234        44
     206       157
     145        57
      52        28
      46       186
'TEST0095'
      19
    1000
     792       166
     784        67
     762       153
     705        41
     692       104
     640       129
     622       129
     603        10
     511        63
     507        75
     480       283
     456        48
     413       173
     181       179
     163       144
     154        19
     139        14
      87       167
      26        36
'TEST0096'
      20
    1000
     728        31
     705       186
     638       182
     628        40
     602        52
     591       276
     575       107
     566         9
     555       142
     522         3
     475         1
     470       112
     417       177
     401       170
     387        39
     321       204
     238        21
     114        46
      60       115
      59        87
'TEST0097'
      18
    1000
     799        15
     731        12
     663        23
     643        97
     505        46
     461       175
     396       140
     362       166
     345        97
     290        89
     274        64
     271       141
     266       321
     223        31
     189       122
     157       202
      82       173
      80        86
'TEST0098'
      20
    1000
     784       129
     760        63
     709        76
     697       162
     688       121
     684       103
     676        76
     647       145
     626        13
     563       111
     560        87
     535       155
     385        14
     372       155
     359       131
     325       158
     185       128
      90        43
      58        56
      33        74
'TEST0099'
      20
    1000
     800        22
     783       157
     772        73
     724       117
     708       113
     646        25
     445       133
     416       129
     319        93
     287        56
     280        50
     267        94
     247        60
     232       169
     197        73
     105       152
      96       154
      87       113
      72       122
      57        95
'TEST0100'
      19
    1000
     779       124
     778       174
     751         7
     727        39
     709       100
     683        24
     682        26
     675        72
     644        88
     617       113
     594       147
     580       102
     551       198
     423       210
     417       128
     371       212
     288        42
     242         5
     144       189
