'TEST0001'
      10
    1000
     684        13
     667        13
     606        17
     594        17
     563        11
     529         4
     510         5
     403         6
     372        10
     209         4
'TEST0002'
      10
    1000
     749         4
     618        18
     502         7
     480        14
     455        16
     452        11
     427        10
     374         6
     354         3
     304        11
'TEST0003'
      10
    1000
     791         9
     762        13
     670         3
     557         4
     488         8
     323         1
     322         3
     315        21
     276        22
     263        16
'TEST0004'
      10
    1000
     794         8
     753        20
     727        10
     705         3
     615         6
     492         2
     418         6
     291        18
     233         9
     211        18
'TEST0005'
      10
    1000
     788        15
     752        12
     688        14
     668         7
     601        10
     584        13
     483        10
     386        14
     371         1
     219         4
'TEST0006'
      10
    1000
     799        24
     782         2
     746        21
     728         3
     621        24
     616         1
     551        14
     511         6
     430         3
     216         2
'TEST0007'
      10
    1000
     789        15
     624         5
     555        18
     517        14
     461         7
     429         3
     428        11
     304         4
     300        20
     260         3
'TEST0008'
      10
    1000
     774         6
     673         9
     644         6
     626         7
     606        12
     448        16
     445        14
     258        13
     251        11
     248         6
'TEST0009'
      10
    1000
     763         9
     548        15
     461        12
     375         7
     373        11
     368         8
     318         9
     314         6
     298         9
     203        14
'TEST0010'
      10
    1000
     771        17
     732        22
     656         5
     651         5
     533         4
     434        18
     429         1
     323        17
     264         1
     221        10
'TEST0011'
      10
    1000
     738        16
     697        14
     670         7
     576         2
     544         5
     459        16
     421        10
     348        13
     320        16
     262         1
'TEST0012'
      10
    1000
     798         9
     772        11
     748        10
     720         9
     695        16
     661        13
     648        12
     539         6
     411         9
     203         5
'TEST0013'
      10
    1000
     688         4
     662        16
     632         1
     476         6
     372         9
     355        20
     343        19
     316         1
     275         6
     201        18
'TEST0014'
      10
    1000
     791        16
     688        11
     581        10
     553        21
     518         5
     466        10
     455         2
     453         1
     420        10
     388        14
'TEST0015'
      10
    1000
     740        10
     663         7
     620        13
     587        11
     543        11
     539         9
     520         7
     498         9
     448        12
     254        11
'TEST0016'
      10
    1000
     707        13
     592         2
     586        11
     526        10
     482         8
     418        17
     385         5
     301         9
     235        17
     214         8
'TEST0017'
      10
    1000
     756         3
     712         6
     626        17
     591         1
     568        24
     536         9
     398        23
     271         1
     266         7
     235         9
'TEST0018'
      10
    1000
     707         4
     703        18
     674         6
     611        15
     578         2
     523        21
     450         4
     326        14
     314         4
     263        12
'TEST0019'
      10
    1000
     798        16
     792        14
     733         5
     687         1
     665        10
     576        12
     501         7
     412        12
     313         6
     260        17
'TEST0020'
       9
    1000
     489         6
     445        19
     412         5
     408        14
     398         1
     321        19
     310        24
     309         3
     270         9
'TEST0021'
      10
    1000
     782        14
     777        21
     738        17
     553         2
     486         1
     430         5
     334        18
     291        13
     254         4
     252         5
'TEST0022'
      10
    1000
     741         5
     715         7
     645        12
     633        17
     549        11
     417         6
     380         5
     301        11
     260        17
     251         9
'TEST0023'
      10
    1000
     778        14
     734         3
     723        10
     553         8
     540        17
     518         4
     490        16
     453        12
     389        13
     367         3
'TEST0024'
      10
    1000
     795        14
     721        14
     623         3
     603        19
     595         3
     526         5
     466        11
     465        15
     330         8
     208         8
'TEST0025'
      10
    1000
     712        17
     686         1
     568        14
     520         4
     514        19
     474        10
     355        14
     334         1
     294        15
     255         5
'TEST0026'
      10
    1000
     795         3
     789        15
     716        11
     647         9
     622        14
     534        19
     513        13
     352        10
     263         4
     209         2
'TEST0027'
      10
    1000
     755         7
     606        12
     569        13
     498        13
     392        15
     354         6
     341         4
     310        16
     282         9
     253         5
'TEST0028'
      10
    1000
     766         3
     748         6
     687        12
     643        14
     522         9
     495        16
     385        12
     342         6
     261        15
     254         7
'TEST0029'
       9
    1000
     756         1
     677        15
     628        13
     604         6
     577        22
     484         6
     385        16
     335        13
     262         8
'TEST0030'
      10
    1000
     762         4
     699        16
     585         3
     517         5
     448        13
     434        12
     420        10
     370        16
     364         7
     302        14
'TEST0031'
      10
    1000
     739         4
     635        13
     626         6
     625        19
     556        17
     517         9
     494         2
     471        16
     446        11
     255         3
'TEST0032'
      10
    1000
     707        11
     697        12
     576        10
     568        11
     440        11
     423         1
     368        14
     324        12
     308         5
     252        13
'TEST0033'
      10
    1000
     753        13
     698        15
     692        15
     486         3
     440         6
     404         8
     343         7
     327        11
     325        10
     305        12
'TEST0034'
      10
    1000
     774        15
     756        20
     690        20
     638        11
     629        13
     601        11
     546         2
     477         2
     309         2
     201         4
'TEST0035'
      10
    1000
     775        13
     742        17
     691         7
     599         5
     534        17
     515        13
     472        18
     398         2
     385         5
     247         3
'TEST0036'
      10
    1000
     788        13
     754        14
     687         5
     642        13
     522        12
     516        10
     404         9
     368         5
     345        11
     274         8
'TEST0037'
      10
    1000
     735         4
     686        12
     667         8
     612        10
     583        10
     578        15
     465        17
     457         7
     413        10
     331         7
'TEST0038'
      10
    1000
     790        17
     736         7
     597         2
     587        11
     504         5
     456         4
     401        17
     384         5
     294        13
     272        19
'TEST0039'
      10
    1000
     793        13
     730        14
     699        10
     652        11
     618         4
     519        13
     418         1
     407        11
     279         9
     251        14
'TEST0040'
      10
    1000
     760        13
     634        15
     609        15
     564        15
     461         8
     436         1
     321         8
     264         9
     259         7
     213         9
'TEST0041'
      10
    1000
     752        12
     663         5
     640        17
     630         6
     377         3
     321        21
     312        17
     262        11
     244         1
     205         7
'TEST0042'
       9
    1000
     780         3
     709         2
     708        14
     562        16
     402        13
     367         1
     329        11
     300        17
     255        23
'TEST0043'
      10
    1000
     755        17
     744        11
     657         5
     649        14
     647         3
     566        10
     553         5
     449        15
     386        14
     309         6
'TEST0044'
      10
    1000
     744        17
     525        17
     508         3
     466         8
     434         4
     426        16
     297        16
     270        15
     254         3
     243         1
'TEST0045'
      10
    1000
     767         1
     698         8
     609         5
     599        20
     476         8
     423         3
     421        28
     404         8
     282        14
     238         5
'TEST0046'
      10
    1000
     756         3
     732         3
     627        14
     599        22
     565        19
     563        16
     506         6
     452         7
     381         1
     209         9
'TEST0047'
       9
    1000
     796        22
     771         2
     687        24
     546         1
     478        10
     423         5
     406        11
     305        19
     261         6
'TEST0048'
       9
    1000
     781        23
     744         9
     611        24
     570         6
     542         4
     397        18
     382         1
     381         7
     235         8
'TEST0049'
      10
    1000
     653        15
     631         1
     575        22
     519         6
     450         9
     356         3
     341         9
     313        19
     303        12
     249         4
'TEST0050'
      10
    1000
     777         9
     751        13
     678         5
     664        15
     605         4
     526        12
     456         5
     386         4
     296        14
     251        19
'TEST0051'
      10
    1000
     787         8
     763         6
     720        18
     648         8
     479        17
     386        12
     325         2
     317         2
     307        18
     278         9
'TEST0052'
      10
    1000
     730        11
     606        14
     536         1
     482         2
     470        16
     441        14
     407        15
     386        13
     347         9
     220         5
'TEST0053'
      10
    1000
     683         9
     534         2
     530         4
     439        11
     350        22
     280         6
     258        11
     244         8
     234        20
     225         7
'TEST0054'
      10
    1000
     704        16
     678         3
     650        20
     618         7
     617        17
     418         5
     387         8
     383         8
     252         7
     250         9
'TEST0055'
      10
    1000
     787        11
     698         5
     662         1
     638        17
     583         3
     495        18
     472         6
     419        16
     343        21
     256         2
'TEST0056'
      10
    1000
     757        12
     742         4
     718        11
     705        13
     648        14
     642         4
     536        16
     487         1
     328         8
     224        17
'TEST0057'
      10
    1000
     799         6
     783        13
     683         6
     529        15
     526        13
     502        13
     490         3
     456        10
     340        11
     323        10
'TEST0058'
      10
    1000
     685        14
     624         3
     557         8
     535        11
     525        19
     519        12
     478         5
     398         1
     350        20
     336         7
'TEST0059'
      10
    1000
     638        18
     634        22
     579         4
     567         6
     509        13
     440        14
     402         3
     331        10
     283         8
     277         2
'TEST0060'
      10
    1000
     767        17
     672        16
     625         3
     528         7
     485         4
     451        13
     383         8
     292        14
     249        15
     244         3
'TEST0061'
      10
    1000
     686        17
     676        12
     642        11
     567         2
     517         1
     507         3
     489        18
     480         1
     278        14
     220        21
'TEST0062'
       9
    1000
     765        17
     751         5
     719        11
     673         5
     647        30
     448        12
     295        15
     282         3
     243         2
'TEST0063'
       9
    1000
     767        13
     728         1
     678         1
     595        11
     563        15
     511        16
     380        14
     372        12
     251        17
'TEST0064'
      10
    1000
     649        23
     632         3
     620         5
     613         5
     575        28
     569         6
     566         8
     532         5
     403        13
     263         4
'TEST0065'
      10
    1000
     681        13
     500         2
     461         8
     454        11
     393        17
     351        16
     329        18
     282         9
     252         1
     224         5
'TEST0066'
      10
    1000
     760        17
     734         3
     677        14
     621         8
     503         7
     482        14
     341        15
     305         7
     241        15
     210         1
'TEST0067'
      10
    1000
     750         3
     677        18
     478        16
     461         8
     456         7
     435         5
     427         6
     399         3
     336        20
     266        14
'TEST0068'
      10
    1000
     687        14
     544        18
     527         4
     389        15
     361        15
     337         3
     301         9
     290         7
     266        14
     253         1
'TEST0069'
      10
    1000
     769         5
     694         3
     639        19
     615        14
     550         9
     544        17
     518         5
     506        16
     378         3
     331         9
'TEST0070'
      10
    1000
     723        12
     694        11
     623        10
     544        15
     526        11
     468        19
     431         2
     424         7
     422         6
     385         7
'TEST0071'
      10
    1000
     703         9
     662         7
     644        14
     616        11
     521         1
     334        16
     255        16
     248         6
     241         9
     238        11
'TEST0072'
      10
    1000
     750        13
     722        11
     716        13
     715         4
     636         6
     634         8
     533        18
     523        12
     341        13
     279         2
'TEST0073'
      10
    1000
     741        18
     740        10
     738         2
     701         3
     547        18
     509        11
     507        12
     431        10
     330        13
     215         3
'TEST0074'
      10
    1000
     783         1
     730         5
     710        10
     579         2
     542        10
     538        18
     516         8
     443        11
     416        24
     364        11
'TEST0075'
      10
    1000
     794         9
     773        10
     723         3
     696        14
     692        15
     628        10
     598         3
     573         9
     541        11
     524        16
'TEST0076'
       9
    1000
     742         5
     733        24
     656        20
     606         7
     516         1
     429        23
     420         1
     283        12
     204         7
'TEST0077'
      10
    1000
     706        20
     693        11
     533         7
     511        14
     465         9
     379        13
     311        11
     287         4
     280         7
     239         4
'TEST0078'
      10
    1000
     799         4
     748        11
     725        14
     702         1
     698        13
     584        10
     554        16
     549         6
     498        13
     271        12
'TEST0079'
      10
    1000
     769        13
     700        14
     617         9
     610         8
     551        13
     504        11
     418         9
     412         2
     374        14
     263         7
'TEST0080'
      10
    1000
     706         4
     697        11
     596        11
     578         8
     536        13
     532         6
     528         2
     412         9
     384        16
     222        20
'TEST0081'
      10
    1000
     721        17
     718         8
     717        27
     636         6
     543         4
     464         2
     390         3
     344         6
     332        12
     288        15
'TEST0082'
      10
    1000
     792         8
     708         9
     688        15
     642         3
     549         6
     420         3
     407        16
     405        20
     254        16
     235         4
'TEST0083'
       9
    1000
     581        11
     474         9
     444        10
     440         6
     380        14
     316         7
     309        24
     272         7
     252        12
'TEST0084'
      10
    1000
     792        11
     697        18
     641        20
     574         4
     536        10
     465        10
     375         4
     362         6
     331         2
     268        15
'TEST0085'
      10
    1000
     772         8
     768         8
     700        11
     668        14
     600         9
     589        11
     530         1
     316        12
     280        16
     272        10
'TEST0086'
       9
    1000
     798        11
     721        17
     694         8
     690         6
     539         8
     429         9
     422        11
     285        14
     276        16
'TEST0087'
      10
    1000
     729        11
     723         8
     712        18
     677        12
     666        11
     611         3
     586         6
     532         7
     364        18
     200         6
'TEST0088'
      10
    1000
     777        10
     761        14
     745        15
     644        12
     580         6
     377         7
     333        11
     260        15
     248         1
     210         9
'TEST0089'
      10
    1000
     789         8
     695        15
     665        17
     643         5
     596         4
     523        19
     436         1
     386        12
     341         8
     222        11
'TEST0090'
      10
    1000
     745         4
     732        10
     691         7
     677        14
     519         1
     470        14
     440         3
     418         1
     369         5
     367        41
'TEST0091'
      10
    1000
     787        19
     738        11
     706        10
     681        12
     478         4
     399        16
     262         6
     223        14
     218         8
     214         1
'TEST0092'
      10
    1000
     645         5
     596        12
     558        15
     509         5
     419        16
     416        16
     351         6
     322        11
     293         1
     273        13
'TEST0093'
      10
    1000
     772         3
     657         6
     653         8
     641         2
     613         2
     389        10
     370        23
     364        20
     311        10
     227        16
'TEST0094'
      10
    1000
     796         4
     762        22
     726         4
     688        15
     633        20
     625         5
     565         1
     545        21
     511         5
     446         3
'TEST0095'
      10
    1000
     786         4
     762        15
     713        21
     656        15
     626        18
     546         6
     427         5
     378        10
     259         3
     219         3
'TEST0096'
      10
    1000
     790        11
     781         9
     681         5
     673        10
     626        14
     608         5
     519         2
     486        16
     306        15
     207        13
'TEST0097'
      10
    1000
     758         2
     735        16
     631        15
     609        16
     605         8
     585         9
     549        14
     431        16
     317         5
     270         1
'TEST0098'
      10
    1000
     758        13
     725         8
     720        13
     703         8
     494         7
     484        10
     445         3
     344        16
     253        10
     248        12
'TEST0099'
      10
    1000
     711         3
     699         2
     600        19
     575        13
     542         8
     386        10
     345        10
     338         2
     288        12
     239        21
'TEST0100'
       9
    1000
     785        33
     728        11
     704         5
     686         3
     612         5
     515         4
     450         1
     323        20
     261        18
