'TEST0001'
      40
    1000
     757       123
     750        42
     733       204
     660        40
     648        26
     625       194
     601        99
     576        22
     566       162
     560        42
     545        81
     529       124
     519        25
     488        34
     486        77
     443         3
     429        24
     418       192
     407       199
     404       158
     393       182
     390         4
     379       101
     346        31
     341        75
     308       205
     286       143
     277       191
     272       174
     239        12
     236        85
     234       203
     233       104
     225        31
     213        65
     185        22
     152        65
     147       179
     111        95
      22       162
'TEST0002'
      39
    1000
     798        94
     793       115
     792       212
     784        22
     779       128
     776        82
     761        36
     741        83
     736       153
     729        38
     711       143
     705        44
     674       166
     653       131
     647        68
     626        27
     564       105
     558        39
     555       184
     548        17
     538       147
     516        18
     473       207
     465        90
     419       154
     382        17
     379       171
     313        88
     254       160
     244        21
     235        60
     189        92
     114        66
     113        68
      85       126
      66       165
      35       144
      31       247
      24        72
'TEST0003'
      40
    1000
     787       135
     762        33
     751        60
     711        17
     708        71
     702       147
     638       103
     610       128
     603        40
     576        94
     564       159
     561       143
     548        72
     490        19
     481        51
     476       162
     468       104
     448       136
     394       161
     363        11
     354       122
     345       135
     332       142
     318       163
     312        92
     241       156
     238        58
     232         1
     182       149
     172       126
     165        93
     160       114
     156       104
     139        91
     130       162
      94       129
      38       126
      31        61
      29        93
      13        37
'TEST0004'
      38
    1000
     788       144
     754       106
     716        93
     659       107
     654       121
     652       117
     618       168
     605        78
     578       131
     512       139
     499        97
     489       177
     474       149
     429       149
     373       125
     360        95
     358       117
     346       157
     343       144
     330        58
     314        68
     301         5
     299       113
     258       158
     252       122
     241       120
     237        88
     214        32
     198       106
     163        17
     157        94
     156        84
     109        66
      65       143
      60        44
      42        76
      31       138
      12        54
'TEST0005'
      40
    1000
     751       106
     741       171
     730       163
     710        21
     684       209
     678        40
     672       132
     634        74
     597       207
     571       186
     552       186
     545       162
     525        63
     520         7
     508       112
     495       138
     462        85
     452       138
     435        73
     388       191
     339        25
     275        39
     271        73
     263        43
     220        70
     211       101
     192        86
     176        74
     160        39
     158        38
     149        60
     144       185
     114        49
     103       136
      97        14
      93       178
      78        63
      56       164
      54        26
      50        73
'TEST0006'
      40
    1000
     778       175
     776        95
     770       116
     723        62
     718       190
     687        55
     679       172
     678        83
     670       105
     638       112
     596       114
     580        22
     515        80
     489        66
     475       140
     473        34
     469       130
     433        94
     430       108
     387        25
     313        43
     299        87
     297       139
     296       132
     251       107
     247       196
     217       130
     206         3
     201        87
     188       171
     187       132
     156       132
     143        24
     130       176
      93        24
      89        44
      81       102
      78       139
      77        73
      46        81
'TEST0007'
      40
    1000
     800       114
     794        44
     785        48
     730        60
     689       172
     684        92
     665       126
     650        26
     628        34
     623        16
     611        84
     598       136
     565       150
     499       151
     495       170
     457        72
     450        46
     431       177
     429        96
     424        38
     422        57
     418       137
     371        19
     370       170
     335        44
     298        91
     269       151
     214        17
     210       100
     201       175
     187        33
     155        71
     134       146
     120       162
      93       106
      83       185
      62       144
      21        77
      16       181
      13        82
'TEST0008'
      39
    1000
     750        75
     748       108
     742       129
     720        96
     715        17
     689        89
     667       132
     638       129
     616       164
     598        82
     593        34
     592       125
     577        54
     574       180
     542       159
     540        84
     517        16
     506       254
     428        33
     427        38
     425       112
     384        68
     356        51
     336        73
     318        16
     299       151
     291       114
     283       154
     276        33
     254       139
     234       153
     226       119
     214       135
     188       132
     187         3
     153       175
     144       150
      91        62
      40       162
'TEST0009'
      40
    1000
     787        14
     766        78
     760       140
     743        53
     738       155
     724        90
     718       164
     665       114
     658        57
     655        96
     594       118
     587       149
     575        64
     570        47
     544       148
     538       114
     501       159
     493        17
     483        48
     466        31
     422       139
     417       158
     403        48
     387       126
     375        42
     353       168
     326        90
     309        92
     279        58
     198        21
     177       158
     175       171
     156        62
     154       156
     149       140
     140       123
      99       110
      95        60
      93       129
      11        93
'TEST0010'
      39
    1000
     787        64
     716       147
     715       133
     704        23
     650       156
     639        15
     625        61
     585       123
     553       174
     533        94
     520       155
     514       163
     511       116
     508       132
     486        46
     483       150
     426         6
     420       129
     411       103
     410       175
     367        77
     360        36
     359        18
     348       176
     320       164
     309        19
     300       127
     290         4
     275       120
     252       142
     212       163
     182       167
     161       164
     155        82
     137         5
     134        83
     126       100
     104        79
      52       109
'TEST0011'
      37
    1000
     774       142
     769        35
     756       141
     737        79
     680       175
     678       116
     639       111
     637       172
     620       144
     589        59
     576       176
     566       119
     539        51
     486       150
     484        33
     449       161
     425       160
     376       145
     276        60
     247        14
     244        17
     234        84
     230        97
     204        71
     180        31
     170        22
     157       172
     142        74
     121       103
     100       180
      92       219
      82       122
      68       171
      48       170
      33       158
      27        30
      16        36
'TEST0012'
      36
    1000
     772        22
     757        74
     742       255
     710        38
     677       205
     665       214
     572       214
     549       225
     546       136
     535        85
     498       215
     490         8
     487        86
     413        48
     376       103
     374       170
     351        56
     342       148
     304       209
     301        13
     278       123
     248        13
     242        71
     232        66
     227       196
     210       198
     166       187
     135        73
     123       193
     118        51
     116        30
      98       143
      60         7
      37        60
      22        29
      13        36
'TEST0013'
      39
    1000
     799        44
     770       182
     736        65
     735        98
     689        28
     655        38
     649       197
     639       206
     620        41
     607       157
     589        68
     578        56
     561       160
     544        72
     516       146
     503       109
     439        17
     430        16
     420       154
     416        77
     347        52
     339        73
     306       149
     254        95
     252       186
     243        84
     224       118
     215        99
     196        65
     173       124
     168       164
     164        11
     160        22
     146       186
     137       158
     121       170
      78       151
      75       105
      15        57
'TEST0014'
      40
    1000
     780       179
     721        90
     674       152
     646       141
     639       117
     603        17
     560       134
     559        83
     514        44
     450        67
     445        79
     440        38
     417         9
     410       124
     393        19
     336       129
     325        46
     298       118
     294       157
     286        15
     256       103
     251        39
     246         8
     217       137
     211       135
     208       166
     202       158
     188       170
     173        88
     143       154
     127       130
     116        39
      91       122
      87       141
      84       157
      79        46
      76       175
      68        12
      54        83
      42       179
'TEST0015'
      39
    1000
     799        30
     778        79
     663       148
     649       171
     645       143
     634        32
     568       121
     495        51
     480        94
     474       169
     451       128
     443       162
     439        32
     438        41
     432        93
     430       104
     429        18
     428        77
     408        56
     394        21
     392        19
     376       184
     366        36
     358        72
     347        98
     320       128
     303       111
     287        17
     270       166
     268       221
     207       384
     206        39
     195        81
     189        49
     175       148
     172        92
     117       169
      99       180
      16        36
'TEST0016'
      39
    1000
     786       163
     754        59
     735       124
     732       134
     704       106
     693       124
     678        17
     660       193
     649        61
     637       180
     633       143
     598         5
     592       128
     588        58
     551       108
     546       181
     497       158
     494       139
     465       196
     428       113
     414       153
     394        69
     390       141
     378       128
     365       124
     336        22
     231       143
     220       147
     209       125
     137       126
     135        17
     118        30
     114        28
     113       159
      78        34
      67        43
      38        27
      36        73
      14        21
'TEST0017'
      40
    1000
     800       182
     747       100
     714       210
     707        90
     702        76
     693        25
     660        52
     648       106
     643        87
     638        98
     630        28
     629       189
     564       166
     528        80
     444        73
     409        49
     405        61
     382        35
     379       213
     375       157
     354       186
     345        35
     326       125
     320       131
     318        62
     265        72
     209        25
     195        39
     180        53
     160        20
     158       162
     149       211
     118        43
      79       174
      72       179
      65        34
      58       107
      42        83
      29       161
      23        21
'TEST0018'
      38
    1000
     773       129
     760        17
     699       100
     671       143
     660       150
     593        15
     589        13
     588        42
     572       156
     567       105
     557        82
     490       157
     487       117
     471        17
     463       356
     442        64
     440        99
     433       114
     428       103
     413        44
     395       171
     362       100
     330       160
     322       160
     314       162
     306        25
     302       135
     277       135
     267       122
     254       106
     249       123
     244        34
     190        58
     182        76
     181       165
     105       112
     103       125
      80         8
'TEST0019'
      37
    1000
     777       168
     775       274
     762       153
     722       145
     721       125
     718       109
     708       144
     682       117
     670        95
     569       106
     544       117
     508        28
     507       155
     482       173
     467       116
     461        33
     455       100
     426       129
     420       167
     419       143
     417        67
     414        93
     359       134
     340        65
     330       156
     314       160
     295        25
     257        34
     226       169
     182       140
     176        52
     147         3
     131       162
     102         1
      69        49
      30        36
      12        57
'TEST0020'
      40
    1000
     798       131
     732        69
     702       129
     682       111
     676        96
     671       179
     666       157
     658        67
     657        55
     578        20
     539       139
     522       156
     516       101
     483        91
     477       144
     469       117
     461        97
     455        26
     449       146
     438        59
     420       119
     402       125
     398         7
     389        58
     372       105
     360       103
     323       106
     264       156
     257       159
     255        67
     245        41
     175       103
     159        97
     156        72
     137       118
     125        52
     116        14
     104        81
      61       146
      32       181
'TEST0021'
      39
    1000
     790        37
     698       130
     696        37
     692        94
     691        25
     688        62
     678        18
     652        82
     593        83
     584        40
     559       156
     541       131
     529       143
     470        95
     462       199
     455       107
     401       183
     358       177
     327       105
     316       177
     300       151
     291        45
     283       170
     280        91
     261        23
     209       202
     200        60
     198       115
     184       128
     172        56
     166        99
     163       158
     126       179
     111       123
     102        86
      88        31
      81        56
      56        15
      48       131
'TEST0022'
      37
    1000
     797       120
     790       155
     762        48
     759       150
     757       137
     725       113
     695       140
     668       154
     661         1
     655       203
     644        74
     627       167
     563       110
     541       103
     536        31
     522        60
     507       241
     505        51
     490        18
     457       165
     445       160
     430       130
     396         3
     391        52
     371       112
     364        39
     360       169
     311       120
     303       157
     269       157
     163       131
     122        62
     115        74
     110       117
     105       167
      50        10
      49        99
'TEST0023'
      40
    1000
     786       182
     746        72
     727        23
     711         8
     678       211
     662         7
     656         5
     638       173
     623       100
     597       193
     594       203
     568       117
     532       105
     524       126
     470        48
     435       174
     431        64
     366       154
     338        87
     326         1
     320        55
     317       160
     297        33
     255        26
     232       142
     230        79
     200        78
     198       111
     196        44
     190       129
     153        59
     150       132
     112       168
      77        50
      71       180
      54       178
      39        67
      22       119
      18         2
      12       135
'TEST0024'
      39
    1000
     794       182
     767       108
     763        55
     755       132
     749       159
     704        19
     703         6
     688       174
     666       142
     653        71
     612        32
     607       107
     590       152
     580       111
     569       129
     555        46
     554        39
     507        75
     491        20
     464        21
     420        89
     355       327
     334       183
     268         2
     259       132
     234        33
     226       149
     207        99
     190       127
     181       117
     156        95
     150        53
     145       112
     133       148
     108        53
      91        17
      85       175
      46       163
      24       146
'TEST0025'
      37
    1000
     745       256
     722        51
     717       181
     714        14
     701        66
     698       142
     695       133
     694       121
     673        27
     659        19
     578       155
     567       106
     566        70
     549        79
     544       103
     517       103
     469       168
     453        22
     429       178
     406       207
     397       207
     384        43
     370       186
     360       111
     353       146
     333       172
     323        88
     314       122
     233       157
     199        94
     164        40
     131        25
     105        44
     103        35
      80         1
      73       171
      20       157
'TEST0026'
      39
    1000
     749        13
     744       155
     741        98
     739       130
     713       193
     684       180
     682       139
     680        20
     679        89
     674        28
     667        78
     611        93
     595       206
     577        82
     574        86
     565       206
     564        61
     549        36
     529        13
     521        18
     510        28
     503        59
     482       160
     481         1
     473       153
     456       198
     433       112
     428        50
     395       123
     376       122
     294       182
     252       126
     251       153
     144       149
     132       128
      90        17
      85       188
      60        43
      44        84
'TEST0027'
      38
    1000
     789       175
     766        93
     764        88
     754       137
     716        21
     669       119
     648       118
     625       178
     550        10
     534        64
     498        18
     490       161
     467       169
     461        19
     450       112
     447        57
     444        61
     439       125
     404       154
     388       125
     370         3
     358       132
     355       169
     326        83
     324        76
     301       172
     298        58
     287        57
     223       101
     222       115
     182       149
     177       120
     153       141
     147       139
     125        32
      97       156
      93       157
      62       136
'TEST0028'
      38
    1000
     790        17
     740       107
     735       125
     714       133
     701        59
     687        70
     666        15
     608       122
     584        37
     526        18
     515       200
     501       104
     466        33
     464       130
     462         3
     440        94
     429       188
     357       180
     327        55
     324        62
     312        87
     298        90
     291        60
     280        41
     261        12
     250       177
     238       118
     229       172
     216       189
     206       200
     199        17
     197        32
     192       365
     162       114
     161       149
     108       188
     106       183
      88        54
'TEST0029'
      38
    1000
     780       193
     779       148
     738        48
     706        84
     705       115
     703       111
     676       120
     672       100
     557        71
     556        79
     547        69
     543       103
     537       208
     529       183
     528       189
     524        94
     514       133
     472       128
     463        82
     419       159
     402         2
     377       136
     374        68
     351        13
     323        30
     317        97
     307       136
     305        37
     272        53
     261       138
     214       106
     172       178
     160       193
     108       162
      63        49
      53        29
      18       104
      12        52
'TEST0030'
      39
    1000
     772        31
     764        24
     703       262
     693        44
     618         6
     614        92
     611       154
     589        89
     564       115
     560        45
     543       138
     540       158
     534        99
     525        41
     492       101
     456       155
     400         1
     398        44
     397        82
     394       133
     357        49
     343         5
     342       183
     330       185
     329       152
     328       156
     327       145
     317       110
     307       144
     301        69
     276       113
     230       182
     149       136
     123       146
      88       164
      82        32
      74        60
      55        88
      16        67
'TEST0031'
      36
    1000
     733        93
     723       183
     678        92
     676        33
     669       155
     649       126
     643         8
     610        39
     572        80
     547       148
     546       170
     521        61
     493       141
     472        25
     451        66
     439        51
     389       176
     382        44
     373       187
     364       125
     346        42
     290       172
     257       195
     240       246
     203       105
     202       126
     188        26
     184        50
     183        18
     171       158
     157       147
     152        69
      89       186
      51       181
      46        48
      40       228
'TEST0032'
      40
    1000
     772       112
     761        79
     748       131
     729       182
     706       177
     689       177
     623       123
     595        27
     569        81
     565        40
     551        36
     547       128
     530       133
     527         3
     526       167
     522       109
     486        22
     480       105
     441       129
     438       144
     436       155
     429        39
     427       115
     393        98
     380        25
     349       110
     343        13
     339       113
     298         5
     283        67
     256       152
     163       121
     139       133
     122       157
     101       151
      68       162
      66       168
      29        18
      16        75
      10        18
'TEST0033'
      39
    1000
     791       137
     757       165
     753       141
     751       106
     699        56
     692       102
     681         7
     674       128
     653       236
     631        50
     627       112
     624       107
     604       137
     591        87
     590       160
     529       146
     475        10
     466        80
     450       137
     425       165
     402         2
     392       180
     381        22
     360       159
     260       140
     246        72
     220       133
     216        94
     175        79
     167        36
     133       154
     105        88
      79       146
      65       104
      64        77
      59        44
      46       132
      34        56
      23        13
'TEST0034'
      39
    1000
     797       109
     764       254
     720       177
     706       176
     700        12
     661       177
     647       152
     638        97
     595        46
     583       144
     580       164
     525        45
     514        70
     486       168
     458         6
     453        31
     451        98
     442       101
     428       106
     427        38
     410        95
     358        95
     351        88
     324        87
     303       169
     282         2
     266       116
     256        55
     242       151
     217        38
     189       117
     188        63
     148       166
     121       142
     107        38
     100       106
      99       104
      95       170
      16        27
'TEST0035'
      39
    1000
     772        55
     769       136
     738       164
     719        82
     712       158
     710       123
     705       119
     685        13
     667       132
     664       115
     656        32
     628       153
     615       112
     600        82
     598       151
     565        28
     542        51
     541       157
     536        70
     518        13
     501       120
     480       102
     465       118
     464        88
     419        48
     361        71
     244       305
     237       124
     144       147
     125       170
     122        69
     120        22
     118        47
     117       182
      77        31
      76        50
      58       169
      45       169
      17        22
'TEST0036'
      39
    1000
     788        13
     781        64
     761       161
     758       132
     754       117
     721         3
     680       123
     671       194
     670        52
     653       194
     640        20
     624         8
     619        95
     536        31
     530       123
     485       150
     433       187
     424        82
     414       101
     392        61
     357       141
     346       152
     344       143
     339       129
     337       128
     290       173
     278        62
     277       193
     252       139
     206        67
     189        42
     185        74
     184       145
     183       154
     173        26
      90        25
      67        59
      56       181
      33        56
'TEST0037'
      40
    1000
     764       150
     762       135
     758       141
     742       202
     740        20
     737        10
     724        65
     720       102
     695        22
     694        94
     673       126
     655        84
     567        73
     560       108
     538       112
     529       155
     499       183
     497       101
     493        28
     450       123
     388       185
     387       150
     386         9
     382       180
     379        23
     350        64
     312        82
     262        23
     220       111
     192        87
     187       101
     161       174
     158        74
     125       192
      90        17
      87        16
      62        43
      58       166
      51       104
      28       165
'TEST0038'
      36
    1000
     745       336
     741       111
     726       196
     705        72
     682        73
     629         5
     626        28
     618        31
     616       169
     588       104
     553        55
     539       169
     535       111
     530       236
     489       144
     476         5
     446        75
     443        97
     442        99
     414       182
     392       176
     384        13
     374        51
     353        19
     341        68
     334       194
     328        16
     296       132
     292       162
     282        67
     257        29
     196       184
     168        91
     138       163
     128       171
      81       166
'TEST0039'
      39
    1000
     769        78
     762       181
     667       168
     639       195
     626        96
     623        85
     589        10
     578       131
     564        95
     563       184
     557       102
     540       114
     530       184
     523        50
     521        38
     512       160
     508       175
     493        32
     489       154
     470       127
     462        71
     460       199
     426       193
     363        71
     354       154
     348        11
     289        92
     282        41
     252        30
     232        27
     211        63
     174        98
     166       185
     148        94
     144       105
      98        84
      89        38
      30        23
      18        62
'TEST0040'
      40
    1000
     791       100
     789       107
     788       181
     786        30
     763       182
     756        15
     739        48
     698       175
     679       130
     668        69
     620       171
     571        62
     546        62
     538       149
     490       123
     469        59
     442       171
     432        66
     414        66
     364        89
     352       161
     331       163
     330       128
     314        13
     310        11
     267        92
     235       143
     224       166
     201        21
     199        95
     185        75
     180       129
     154        15
     153        97
     128       112
     121       149
      99        86
      72        45
      33        82
      14       162
'TEST0041'
      40
    1000
     770        73
     763         8
     758        98
     684       103
     636        19
     588       140
     586       183
     580       169
     567        69
     554        43
     549       115
     536       150
     531       134
     524       138
     521        40
     517       149
     487       166
     483        33
     476       136
     450        51
     418        12
     391        50
     376        37
     325        98
     313       117
     295       217
     280       110
     249        51
     227        15
     223         3
     220       136
     201       134
     175        45
     155       182
     153       202
      83        48
      82        73
      36       200
      31       142
      10       111
'TEST0042'
      38
    1000
     795        50
     786        23
     771       109
     762         5
     732       133
     718       161
     704        97
     680        76
     670        58
     567       161
     544       120
     534        42
     532       115
     504       121
     499        15
     457       172
     453       122
     446       148
     416        62
     402         4
     322       169
     314       168
     285         3
     284       120
     282       119
     278        92
     267        26
     234       176
     214       148
     185       160
     180        87
     156        35
     140       316
      94       120
      75        18
      70       269
      64        86
      62        94
'TEST0043'
      39
    1000
     768       141
     697        62
     695        99
     694       161
     691        25
     678        89
     670       175
     649       163
     624       184
     620       151
     616       119
     571        68
     524        64
     514        76
     466        80
     429        46
     389        58
     380       140
     377       159
     363        89
     331         2
     310       183
     307        28
     291        73
     272         9
     253       203
     249       107
     240       129
     231        64
     203        46
     168       191
     158        78
     141       205
     120       103
      75        54
      58       172
      35        45
      31        56
      18       103
'TEST0044'
      39
    1000
     782        39
     774       138
     770        79
     742        53
     723       150
     717       119
     692        83
     687       144
     646       138
     638       172
     633       127
     621       108
     618       152
     565         9
     543        89
     542       130
     538       118
     511        96
     500        32
     462       113
     454        35
     355        21
     353       123
     351       112
     326        33
     291       109
     272       241
     229        14
     227        42
     226       166
     177        42
     157       119
     151        66
     136       145
     126        89
     111       150
     100        92
      49       157
      10       155
'TEST0045'
      38
    1000
     786       149
     777       119
     769       170
     729       137
     725       165
     706        33
     695       131
     670        12
     635       170
     631       175
     589        47
     573         6
     572        16
     547       122
     484        92
     478       111
     471       107
     422        18
     420       181
     403       154
     397       296
     384        63
     381        81
     330        95
     320       138
     299       162
     268       150
     246        33
     239       116
     238        33
     233        88
     228        39
     155       147
     139        22
     123       116
     114        32
      93       143
      91       131
'TEST0046'
      39
    1000
     716        78
     679        51
     674       151
     649        31
     641        16
     635        28
     597       186
     592        23
     562         6
     537        95
     493       175
     480       117
     469        43
     438       231
     428        99
     404       146
     396         1
     372        67
     369        93
     352       206
     348        99
     311        48
     309        21
     293        93
     249       112
     244       186
     242        61
     223        72
     181       201
     173        96
     138       182
     132        42
     125       194
     123        87
     122       128
      91       222
      63        55
      54       171
      16        87
'TEST0047'
      40
    1000
     787       190
     768        55
     765       115
     727        48
     721       160
     695        67
     679        33
     662       169
     648        61
     634       124
     623        10
     559        60
     552       181
     546       142
     542       177
     531         9
     514       172
     509       193
     477        77
     459       166
     431        50
     412        22
     405        73
     340       187
     289        54
     280       133
     258        41
     246       136
     168       110
     158        52
     141       114
     125         8
     120       160
     118        61
     104       170
      98        40
      85       141
      77        51
      46        25
      37       163
'TEST0048'
      37
    1000
     792       163
     784       128
     762       104
     757       197
     750       141
     731       155
     705       184
     703       173
     692       160
     647       112
     640       108
     622       191
     609        29
     603        86
     546       127
     545        63
     511       150
     507        14
     480       178
     456       146
     446       143
     443        31
     413        41
     324       216
     290        84
     272         7
     210       111
     181         4
     164        87
     163       138
     154       133
     139        31
      90       160
      87        16
      66        36
      49        90
      26        63
'TEST0049'
      38
    1000
     799       139
     788        66
     737       156
     731       140
     683       109
     675        10
     663       128
     643        36
     553       141
     548        75
     519       161
     517       146
     505       115
     479       133
     461         5
     396       143
     384        73
     381       115
     362        95
     353       130
     345        64
     337        77
     290       163
     274       122
     271       104
     266       223
     255        13
     223       112
     189        88
     184       156
     157        14
     135       156
     128       132
     100       159
      82       129
      80        43
      69        56
      56        73
'TEST0050'
      39
    1000
     800       137
     783        29
     772        60
     762       137
     724        89
     711       166
     708       144
     696       166
     688       117
     646       160
     600       146
     583       151
     555        78
     533        50
     511       219
     445       145
     431       155
     430       123
     425       126
     416        99
     336       139
     334         6
     319        31
     287        80
     280        19
     278        20
     267        57
     260        58
     247        13
     232        91
     231       117
     197        81
     119       159
     108       168
     105       103
      96       170
      87        33
      72         4
      57       154
'TEST0051'
      39
    1000
     745       167
     731        45
     722       188
     706        35
     704       151
     698        94
     689         1
     657       125
     653       108
     629        32
     609       179
     607        14
     597       127
     556       132
     538        47
     528        24
     476        32
     455       185
     406       183
     395       160
     366       162
     343        43
     318        58
     311       177
     284        76
     249        14
     216        25
     212        45
     183       185
     158        76
     128       115
     117       154
      88       173
      86        16
      85       149
      54        72
      28       112
      23        63
      22       256
'TEST0052'
      39
    1000
     778        36
     773       126
     763        30
     740       152
     736       122
     735       140
     732       160
     720       190
     716       112
     688        80
     659       124
     654        82
     601       124
     565       181
     557       144
     550       101
     502       200
     492       137
     491        48
     490       158
     464       114
     458       181
     384       137
     377       123
     374        11
     331       175
     303       201
     296         6
     285       193
     222        23
     219       122
     214         3
     210         4
     184        28
     157       110
     155        35
     101        11
      81        49
      12        27
'TEST0053'
      40
    1000
     800        87
     789       141
     784        51
     763        17
     750        43
     735        79
     671        72
     665        98
     642       164
     611        53
     575       158
     568       158
     517       162
     481        56
     465        78
     435        45
     420        26
     401        99
     388       172
     354       159
     288       147
     266        84
     262       105
     260        40
     255       168
     242       107
     241       114
     240        45
     227       181
     205       117
     200        52
     195        75
     192       159
     191        60
     164        76
     152       103
     102        33
      87       183
      69       184
      24        49
'TEST0054'
      39
    1000
     799       214
     790        83
     786        88
     781       117
     766        36
     765        18
     759        38
     740       149
     697       147
     672       112
     659        65
     645       144
     640        66
     632       138
     630        27
     589       133
     541       148
     468       127
     425        63
     417       142
     400        25
     358        22
     352       170
     341       132
     333        81
     308       131
     307        24
     268       151
     230        12
     209       139
     194       148
     159         4
     142       154
     139       172
     109       153
     105        49
      99       212
      82       100
      79        66
'TEST0055'
      40
    1000
     776        19
     772       128
     765        76
     762       124
     743       122
     731       136
     723       156
     719       187
     716       185
     690       169
     667       163
     652       101
     637       188
     634       108
     616       126
     590       121
     536        75
     489       177
     486       130
     470        17
     468         5
     467       109
     420       127
     380       149
     378        52
     368        72
     327        66
     303        71
     264        21
     263        72
     181        64
     137         1
      97       136
      93        39
      76       149
      55       138
      41        37
      34        92
      27        19
      13        73
'TEST0056'
      39
    1000
     777       155
     761         2
     758        81
     745        84
     744        59
     697        76
     689       182
     659       130
     653       107
     642       175
     635       150
     634       143
     614        74
     603       165
     588        49
     527       101
     495       156
     486       164
     484       104
     450       187
     418       123
     399        58
     374        10
     279        38
     276       182
     260       170
     238       102
     210         6
     187       105
     168       135
     155        77
     142       170
     121        88
      92        13
      87        51
      79        42
      59        60
      48        42
      33       184
'TEST0057'
      38
    1000
     782        82
     778       195
     767        26
     765        18
     753        36
     735        89
     713        65
     704       196
     698       145
     691       203
     662        15
     657       235
     636        30
     617        98
     611       146
     592       101
     543        92
     520       184
     506       178
     417        26
     413        44
     397       128
     393       120
     391        42
     345       196
     265        89
     259       123
     239        22
     204        78
     197       131
     189        69
     170       121
     140       141
     127       202
      84         5
      68       151
      56       153
      45        25
'TEST0058'
      39
    1000
     757        14
     754        73
     750       206
     719       202
     706        25
     691        19
     663         7
     646        79
     641       134
     635        41
     588       210
     583       131
     568       129
     557       191
     554        79
     538       140
     536       130
     513        15
     486        31
     451        24
     444        83
     412        22
     404       173
     397        20
     367       155
     324        90
     301        70
     300        59
     291        82
     287        91
     273       154
     243       179
     203       145
     195        47
     156       181
     155       198
     105        29
      86       180
      30       162
'TEST0059'
      40
    1000
     795       194
     793        54
     771       109
     765        34
     747        45
     744        14
     725        45
     715       173
     708       141
     692       151
     689       128
     688        70
     630       175
     614       192
     605        43
     604        92
     596        79
     564       116
     542        24
     536       154
     445        35
     444       183
     405        13
     384        96
     367       138
     331        83
     278       158
     258        56
     216        15
     194       119
     139       133
     138       146
     134        78
     120        72
     111        63
     110       194
      88         1
      81       160
      56       108
      18       116
'TEST0060'
      40
    1000
     778       100
     758        66
     755        96
     754       164
     741        82
     726       128
     700       111
     689       152
     684       112
     662       140
     638       133
     625        68
     608       132
     587        79
     535        46
     525        54
     517       162
     511        59
     510        21
     499       112
     497        73
     423        84
     415       117
     396       140
     354       107
     315        50
     298       120
     287       101
     278       122
     274        16
     248        51
     193        90
     174       133
     154       177
     144        89
     139        62
     114       150
      90       174
      41        86
      35        41
'TEST0061'
      38
    1000
     793        15
     741       193
     734       113
     724        88
     698       103
     659        97
     627        80
     595        21
     582        79
     574        29
     569        38
     548       104
     541       118
     535        89
     529       113
     507       160
     495       138
     396        41
     373       117
     318        37
     301       188
     291        25
     266       119
     246       144
     219       206
     216        18
     206       100
     164       147
     160        68
     135         7
     127       133
      92       302
      85       206
      75       113
      47         5
      45       102
      36       193
      28       151
'TEST0062'
      38
    1000
     741       167
     716       120
     688       168
     671       151
     663        87
     659        42
     636        16
     615       158
     607        83
     539       152
     527       124
     522       193
     511       210
     500        45
     485       189
     476        11
     469        17
     467        30
     449        38
     448       122
     434       138
     433       178
     427       188
     370       113
     332        51
     291        56
     262        35
     261       219
     216        94
     196        49
     189        32
     188       121
     170       160
     142        60
     140        72
      88       100
      71       162
      29        49
'TEST0063'
      40
    1000
     781       163
     771       116
     743        57
     730        75
     724        98
     723       139
     719        48
     693       199
     672        33
     653       166
     632       164
     571        78
     561        75
     555       152
     536         6
     519       174
     462       184
     442        33
     436        52
     428       192
     411       130
     347        10
     326        16
     277        72
     273       135
     256       170
     255       196
     253       117
     211       183
     186        65
     184       103
     144        39
     107        18
      85         6
      79        42
      77        67
      44       188
      33        30
      29       163
      22        46
'TEST0064'
      37
    1000
     791       158
     784         6
     748       126
     742        82
     714        98
     705       189
     678       157
     670       121
     661        59
     636       137
     611        71
     597       159
     524        91
     501       174
     493        77
     492        74
     476        80
     452        29
     390       266
     374        80
     372       184
     344       111
     329        40
     317        73
     278         7
     269        34
     267       132
     239       188
     238        66
     193        29
     192       141
     184       110
     182       126
      52       183
      47        67
      26       121
      24       154
'TEST0065'
      40
    1000
     784       141
     712       135
     709       164
     690        56
     688        27
     671       163
     612        23
     602        73
     594        69
     585        53
     582        31
     568        63
     541        35
     527       168
     483        18
     455        72
     439        54
     416         7
     404       117
     359        48
     357       122
     348       148
     323       211
     296        60
     290        68
     282       131
     250       135
     242        18
     239       191
     232        89
     229       197
     220        61
     189       152
     168       197
     157        27
     151       202
     131       195
     104       121
      74        63
      66        95
'TEST0066'
      40
    1000
     787       185
     726       146
     725        68
     715        29
     708         1
     701       227
     633        40
     632        38
     624       125
     593        58
     548       128
     541       125
     502        36
     494       102
     490        71
     461       104
     460       224
     411        98
     397       220
     358         5
     348        61
     333       127
     306        64
     296       148
     290       166
     284        36
     247       106
     239        78
     221       114
     212        17
     187        43
     177       216
     138        64
     123        34
     102       227
      98        98
      86        84
      73       104
      64        47
      35       136
'TEST0067'
      40
    1000
     786        99
     785       179
     780       199
     724        63
     721       175
     700        55
     678       193
     640        34
     620        43
     609        31
     565        12
     557        99
     546        57
     531        43
     524        28
     506       158
     488       113
     396       169
     377        33
     345       115
     326       184
     299       155
     249       145
     238         8
     230       130
     225       159
     211       117
     200       108
     185       181
     178        48
     171        66
     159       106
     141        96
     113        42
      84       140
      76        88
      66       139
      40        43
      28        79
      19        68
'TEST0068'
      39
    1000
     795        92
     764        90
     740       101
     726       114
     720       102
     718        53
     705        95
     691         5
     675       113
     605        70
     598        72
     545        26
     510        41
     502        48
     467       171
     458       132
     455       103
     452       197
     439       124
     437       111
     422       175
     407        70
     399        92
     395       167
     387        79
     375       100
     293        31
     227       139
     200       172
     188       158
     175       136
     173        86
     162         3
     149       120
     123       151
     116       106
      41       181
      39       145
      14        29
'TEST0069'
      36
    1000
     784       139
     761         4
     753        67
     721       207
     709        76
     695       139
     684       219
     665       269
     638        54
     629       113
     628        81
     588       178
     571       217
     553       110
     547        37
     480        11
     425       119
     414       142
     412       115
     400        10
     374        30
     367        98
     358        88
     332       201
     320        23
     314       122
     259        20
     241        72
     215        58
     137       122
     121       141
     118       196
     108        75
      95       104
      90       246
      39        97
'TEST0070'
      39
    1000
     792       148
     780         6
     755       135
     723       102
     710        32
     705        19
     678        82
     654        82
     642        22
     629        43
     576         4
     531       167
     515        14
     480       158
     468        26
     444       142
     426       185
     424       155
     415        16
     411       183
     396       296
     389       155
     378       148
     353       101
     350        31
     312       183
     290        51
     276       169
     261        39
     255        24
     252       177
     225       129
     150        96
      92       168
      50       137
      47        40
      44       167
      43         5
      14       163
'TEST0071'
      40
    1000
     788       193
     766       147
     756       104
     739        20
     713       107
     700        97
     674        23
     670       130
     667        72
     665        89
     622        34
     584       173
     571        77
     569       161
     553       160
     549       169
     484        51
     477        91
     465       165
     439        55
     413       133
     408        71
     370        65
     355       113
     345        68
     342       102
     325        30
     313        84
     258        81
     251        87
     241        20
     209        83
     194       173
     157       156
     136        45
     132        36
     118       160
     102       102
      47       179
      17        94
'TEST0072'
      40
    1000
     765        58
     762        63
     752        67
     741        80
     731       112
     719       118
     695       145
     682       155
     662       171
     648        44
     603       107
     598        79
     588       113
     564       184
     544       169
     523        25
     510        71
     481        85
     472        78
     450       152
     427       113
     373        18
     345        45
     340         9
     328       132
     323        17
     281       100
     276       154
     234       162
     229       137
     220       110
     213        70
     204       173
     195       171
     183        22
     178       173
     171       153
     111        44
      77        19
      64       102
'TEST0073'
      40
    1000
     763       202
     760       122
     721        20
     700       143
     689       113
     686       161
     677        52
     675        23
     633       149
     594        31
     554       123
     523        77
     480       135
     446         7
     422       104
     407        51
     396         7
     372        62
     358        25
     352       149
     323       204
     303       110
     293        20
     284        25
     273       168
     262       145
     224       198
     218       170
     205        46
     168       175
     164        73
     143       185
     124       156
     105       150
     101        45
      85         6
      64       191
      61       103
      43        42
      10        32
'TEST0074'
      40
    1000
     781       161
     751        94
     747        32
     746       138
     736        21
     720       136
     702        34
     692        67
     679        42
     669        20
     629       177
     612        84
     602       146
     541        28
     530         1
     501        77
     482        73
     470       180
     463        83
     451        53
     434       151
     417       149
     331       182
     319        87
     295       155
     256       132
     247       105
     241        68
     230       179
     226       172
     222       122
     210        92
     126        65
     125       142
     102       138
      96        14
      52       152
      28        67
      17       104
      12        77
'TEST0075'
      39
    1000
     775         2
     763        24
     750        96
     696        68
     688       123
     657       160
     654        85
     639        25
     606       143
     587         4
     567       179
     511        57
     485       165
     464         5
     458       153
     455        17
     435        43
     389        91
     381       149
     315        58
     271       167
     260        66
     258       114
     246       145
     239       154
     227       128
     217       142
     212       146
     175       142
     155        79
     150        67
     144       183
     139       151
     121       129
     101        34
      81        88
      74        85
      58       167
      39       166
'TEST0076'
      39
    1000
     789        52
     775       114
     710        87
     684        88
     624       102
     599        65
     598       188
     589       168
     588        47
     584        14
     556        34
     547       125
     546       175
     527        63
     505       149
     495        66
     485       119
     452        37
     438        49
     416       265
     411       195
     409       183
     397        84
     369        55
     368       167
     358        76
     356        70
     352        47
     345         7
     305        18
     265       112
     206        83
     202        80
     174       199
     138        86
     124       190
     110       163
      98       104
      47        74
'TEST0077'
      38
    1000
     799       379
     789        19
     779       105
     741         4
     720        10
     707       201
     706       157
     705       146
     687        51
     664        73
     660        18
     641        78
     636        66
     633        84
     604       166
     574       207
     527        99
     516       147
     508        18
     459       161
     425       201
     397       147
     370        43
     359        45
     336       157
     305        65
     262       148
     259        27
     222       182
     187        24
     172       190
     114        72
     109        25
     107        18
     104        16
      86       205
      70       127
      53       119
'TEST0078'
      38
    1000
     677       161
     594        90
     593       127
     582       116
     580       101
     569        38
     563       280
     558         6
     515        96
     511       119
     491        68
     487        33
     480        81
     468       137
     444       131
     442       165
     436       240
     414        28
     361        66
     343       180
     340       128
     323         9
     314        17
     303        73
     266       170
     257       118
     218       135
     213       152
     167        20
     151        36
     143       101
     131        91
     123       110
     115       166
      69       160
      37        43
      36        85
      24       123
'TEST0079'
      39
    1000
     788       166
     787       283
     780       102
     752       145
     741       150
     719        16
     694       157
     607       150
     588        20
     509       109
     495        52
     493       178
     485        86
     458       119
     450        26
     430       114
     407       166
     392        48
     390       176
     373        22
     368        19
     365        55
     363        49
     353        18
     342       178
     338       120
     326        92
     283        51
     229       152
     210        93
     192        52
     159       177
     118        59
     115       162
     103        68
      66       150
      57        60
      46         9
      13       151
'TEST0080'
      38
    1000
     782       116
     702        99
     669       190
     663       129
     648        55
     628       282
     597        99
     587       186
     586       104
     568       171
     526        13
     508        63
     489       138
     465       184
     425       166
     387        21
     340       146
     308       162
     258         6
     253        35
     225        35
     217        75
     177       124
     176       159
     171        94
     169        67
     167       130
     163       136
     162        31
     161       148
     138       126
     117        71
     109       101
      94       151
      73        72
      42        56
      33        37
      18        22
'TEST0081'
      37
    1000
     775       138
     731       205
     724       200
     719       212
     710        10
     686        32
     675        52
     634        55
     624       169
     615        32
     560       119
     554        32
     553       156
     530        69
     526       117
     523        25
     519       261
     477        32
     419       212
     396         2
     361       222
     345        64
     323        98
     318        65
     309        69
     297       130
     293       189
     290        33
     287       184
     276         5
     249        99
     192       126
     142       105
     124       152
      77        87
      60       188
      37        54
'TEST0082'
      39
    1000
     800       190
     799        23
     771         2
     765       195
     760       111
     736        94
     728       220
     722        89
     709       121
     704       186
     618        72
     583        69
     566       216
     565       105
     547        69
     506        23
     470        23
     467       180
     398       138
     389        24
     388       139
     323       180
     319       219
     317        33
     291         1
     241        11
     214        42
     189       138
     166       100
     155       168
     140       120
     135        67
     129         5
     128       172
     123        70
      95         7
      75       158
      35       102
      15       118
'TEST0083'
      39
    1000
     788       116
     727       222
     658       272
     645        71
     630        61
     622       180
     617       154
     597        74
     580        40
     578       138
     550       186
     541        16
     514        77
     491        22
     490       104
     478        67
     473        59
     466       116
     462       154
     459        85
     456        19
     452        62
     434       142
     425        33
     409        69
     321        97
     295       178
     286        77
     281       109
     273         4
     240       166
     225        65
     224        29
     208       180
      58       226
      43        80
      35        70
      14       129
      13        51
'TEST0084'
      40
    1000
     783       128
     774        88
     739        24
     704       165
     671       182
     656         8
     633       121
     613         5
     596        14
     587        95
     578       123
     561        47
     548       124
     542        80
     524        74
     507        46
     496       174
     493       123
     472        71
     420        63
     354        89
     336       175
     323       185
     297       164
     288        83
     244       158
     222       122
     220       119
     201        50
     198       158
     192        93
     162        70
     149       167
     106        90
      92       121
      63       119
      54       152
      39        22
      38        45
      15        63
'TEST0085'
      37
    1000
     747        88
     733       158
     731       212
     669        29
     644        37
     637       107
     611       214
     610       146
     607        73
     598       197
     577       220
     575         7
     551         9
     534       127
     506        23
     485       194
     467       218
     447       103
     438        35
     436        47
     397        72
     358        97
     354       105
     303       155
     288        39
     280       143
     236       121
     125       105
     106        47
     103        62
      87       270
      75        62
      42       203
      28        83
      27        92
      15        90
      14        10
'TEST0086'
      40
    1000
     793       219
     772       131
     763         2
     754        89
     728        71
     689         1
     653        22
     563       115
     559       230
     543        79
     496        66
     486       229
     478       199
     464        70
     460        93
     458        23
     450        34
     432       217
     429       107
     419        18
     404        85
     402       109
     384        50
     369        44
     347       160
     341       200
     323        57
     298        66
     285        22
     244       152
     237        97
     116       128
     105       149
      95        99
      91         5
      90        93
      73        23
      58       188
      50       157
      29       101
'TEST0087'
      39
    1000
     800       157
     769       111
     763        26
     753        60
     725       179
     718       175
     715        14
     686        36
     665       120
     664        23
     661       190
     648       100
     645        94
     626       110
     611       176
     605        54
     589        74
     571        34
     560       161
     538        92
     466        15
     446       171
     445        16
     415       180
     366       118
     326         4
     323       118
     299       143
     268       162
     260       145
     257        26
     209        96
     171        75
     151        45
     147       175
     101       103
      99       193
      69        50
      24       179
'TEST0088'
      39
    1000
     762       157
     753       159
     704        32
     689       139
     684       107
     682        16
     659       152
     652        36
     583       191
     580       200
     549         9
     495       210
     486        16
     481        81
     456        71
     421       156
     410        48
     408        10
     407       163
     368        60
     364       196
     355       175
     347        39
     342       114
     314        36
     303       154
     302       169
     216        95
     213        59
     206        54
     184       113
     152        17
     124       146
     100        56
      54       200
      53         7
      49        72
      34       233
      24        52
'TEST0089'
      40
    1000
     796        85
     775       111
     768       169
     744        79
     734         4
     733        21
     725        95
     717       197
     702       206
     659        89
     643       167
     628       155
     618       154
     615       202
     603       146
     446        57
     430       209
     398        38
     359        27
     353       101
     338        14
     334        54
     329       133
     327        76
     325       122
     314        97
     288       164
     279       170
     267       146
     261        79
     253         3
     228        40
     189       197
     172        22
     162        79
     125        39
     122       207
     111        13
      74        26
      11         7
'TEST0090'
      39
    1000
     799       142
     786        54
     773        85
     750       157
     732       141
     724       162
     673       116
     648       151
     646        46
     630        97
     576       143
     573        23
     565        25
     532       161
     508        53
     498        18
     496       253
     494       181
     458         4
     443        82
     428       175
     394        99
     362       153
     320       156
     288        77
     272       160
     270       142
     268        79
     226        48
     217       135
     191       164
     157       100
     151        98
     139        87
     117        60
     112        58
      67        45
      66         3
      62        67
'TEST0091'
      39
    1000
     770       122
     720        53
     706       176
     679        17
     672        94
     649        70
     552        54
     507        24
     486       136
     485        47
     453       100
     436        85
     423        50
     417       113
     385        81
     355        48
     342       146
     301        98
     278        57
     254       132
     252       147
     241       149
     231        60
     210       132
     201       151
     190        62
     186        86
     181       232
     177       111
     170        95
     149       202
     141        38
     126       180
     105        60
      97        59
      81       125
      78        68
      56       174
      20       166
'TEST0092'
      39
    1000
     772        22
     756        20
     744       138
     737        38
     709       108
     707       108
     672       393
     668       182
     601       195
     591        64
     581        56
     567        53
     560       150
     536        52
     524       197
     515        78
     482        60
     428        21
     412       165
     404         1
     373        58
     365        35
     359        72
     352        25
     333       223
     331        53
     261       143
     258        36
     248       173
     228       220
     218       116
     214       168
     212       147
     179        47
     178        38
      87       125
      58       130
      47        29
      33        61
'TEST0093'
      40
    1000
     753        18
     728       217
     723        85
     721        34
     712        82
     701       127
     687       177
     675        46
     646       178
     643       222
     625       152
     618       211
     617        28
     548        43
     523        10
     518        88
     507       135
     504        52
     484       178
     458        40
     383        33
     365        20
     335        20
     309       177
     299       157
     290        11
     229       145
     209       153
     202        39
     197       162
     195       197
     189       173
     152        75
     147        96
      99       145
      57        14
      48       183
      44        37
      42         7
      38        33
'TEST0094'
      39
    1000
     798         1
     789        81
     786       201
     783       207
     778       199
     771        18
     760       129
     751        99
     733       176
     714        74
     693       111
     641        11
     638       216
     587       205
     574        76
     491        70
     413       148
     402        92
     347       184
     340        52
     328         8
     288       132
     239       111
     227       133
     202         5
     178        26
     169       181
     153        57
     136       103
     125        20
     124       130
      81        16
      76       100
      74       170
      62        30
      59        86
      33       114
      24       144
      12        84
'TEST0095'
      40
    1000
     774       145
     729       101
     703       164
     701        24
     688       129
     632        67
     618       166
     612       145
     585        65
     518       119
     516        28
     511        27
     496         5
     442        66
     422       111
     420       180
     374       150
     366       174
     342       125
     339         5
     328        47
     320        54
     317        44
     292       151
     284       129
     268        50
     249        15
     218       121
     214       154
     209       109
     204        31
     131       117
     121       124
      87       178
      74       125
      57       165
      48        99
      27       100
      16       171
      12        20
'TEST0096'
      40
    1000
     760        93
     700       183
     699       164
     671       128
     649       150
     644        59
     630        96
     622        82
     596        40
     587       126
     575        61
     527        75
     510        19
     505       188
     497        29
     486        55
     466        46
     401        40
     376        92
     367       133
     356        87
     302       144
     278        98
     275       142
     239        50
     235       127
     222        64
     217       109
     199       158
     192       113
     182       134
     178       105
     175       132
     174       150
     124       113
     103       183
      78       113
      52        76
      33        14
      21        29
'TEST0097'
      40
    1000
     765       158
     764       122
     695        68
     694       175
     580        40
     571       153
     566        92
     536       191
     463       138
     446       194
     431       137
     416        42
     399        56
     389       145
     377       167
     376        52
     360       165
     358        45
     346       165
     343        29
     341         1
     332        36
     321       125
     286        74
     276        62
     264        65
     253        29
     240        48
     197        42
     195       183
     194       156
     184        15
     175       134
     136        55
      98       104
      72       114
      51       196
      46        89
      37        17
      25       121
'TEST0098'
      40
    1000
     747       163
     736        96
     708       163
     665       141
     664       214
     653        89
     636        49
     619       204
     560        66
     526       176
     524       107
     518        64
     466       153
     443        35
     436       130
     435       125
     410        16
     341       144
     334         6
     328        80
     298       143
     264        15
     259        72
     238         3
     235        45
     229       184
     220         2
     192        12
     184        41
     179       195
     178        86
     168       214
     156       158
     140       125
     134        21
      88       110
      58       148
      41        29
      33        90
      16        86
'TEST0099'
      40
    1000
     782        35
     774        91
     760       145
     721       162
     712        61
     689        41
     673       203
     666        26
     660       189
     658        80
     656       181
     593        67
     551       179
     533       171
     515       194
     501        97
     490        35
     475        73
     455       128
     447        19
     434       203
     429       109
     424        54
     369       189
     352       128
     348        10
     328        11
     320       184
     300        14
     287        18
     256        93
     234       100
     211        40
     173       190
     168       183
     133         6
     107       197
      74        34
      44         3
      20        57
'TEST0100'
      40
    1000
     793       103
     788        84
     762       137
     731       150
     727        25
     709        21
     702       176
     698        91
     697       161
     683       128
     679       105
     678       100
     602       117
     597        15
     587       165
     556       168
     533        34
     513       164
     403       143
     387       100
     373        66
     336       123
     333        41
     285        30
     272         2
     268       149
     258       155
     210       176
     158        43
     152        28
     134        32
     124        54
     118        87
     106       171
      99        94
      96       162
      92       172
      75        27
      68       173
      32        28
