'TEST0001'
      20
    1000
     757        10
     750         9
     648         9
     625         6
     576         6
     566        15
     545         8
     529        20
     488        11
     486         4
     443         4
     429        18
     418         7
     286        14
     277        16
     236        11
     234        11
     225         6
     185         3
      22        12
'TEST0002'
      20
    1000
     789        17
     770         1
     750         9
     742         3
     629         7
     615        19
     482        13
     481        18
     389        16
     318         1
     306         8
     172        19
     171        10
     161         3
     139         6
     111         2
     106         6
     101        17
      93         9
      22        16
'TEST0003'
      20
    1000
     793         7
     784         1
     779        13
     741        11
     736        10
     711        16
     653        19
     647        17
     626        13
     555        18
     548        18
     538         2
     516        16
     382         2
     379        18
     254         1
     244        11
     235         4
      35         2
      24         1
'TEST0004'
      20
    1000
     786        14
     682         2
     617        20
     568         8
     531        15
     488         2
     477        16
     428         8
     392        15
     353         2
     312         6
     310         9
     258         6
     172         6
     153        12
     147        16
     142        14
     108        12
      89        11
      71         6
'TEST0005'
      20
    1000
     787        21
     751        20
     708         1
     638        17
     564         8
     490         5
     481         2
     476         9
     468        17
     394        12
     354        15
     345        19
     332         4
     241         5
     238         3
     232        16
     165         1
     160        15
     139         1
      13         9
'TEST0006'
      20
    1000
     793        11
     786        13
     779        13
     719        15
     699         9
     667        14
     664         5
     629         1
     513        14
     505        12
     463         9
     355        11
     351        10
     301         8
     256        15
     205        12
     168        12
     102         6
      91         9
      65         1
'TEST0007'
      20
    1000
     754        13
     716         9
     659        11
     652        21
     618         9
     605         8
     578         9
     373        17
     358        14
     252         7
     241        13
     237         9
     214         8
     198        17
     163         4
     157         8
     109         2
      60         1
      42         8
      12        12
'TEST0008'
      19
    1000
     758         7
     720         9
     673         1
     640         1
     638        13
     619        35
     594        15
     563        11
     535         4
     519        13
     505         2
     462        12
     456        11
     432         8
     418        18
     409         5
     402        10
     337        17
      82         8
'TEST0009'
      20
    1000
     751        11
     741         9
     730        17
     684        18
     571         4
     545        18
     525        13
     495        15
     452         4
     275         2
     271         4
     263        16
     220         5
     192        14
     114         2
     103        19
      97         4
      56        12
      54         4
      50         9
'TEST0010'
      20
    1000
     798         3
     789         5
     729         9
     711         6
     708         9
     651        13
     622        11
     618        10
     530         5
     529         5
     505         8
     431        24
     407         6
     330        18
     289         2
     285        23
     247         8
     158        21
      89         3
      37        11
'TEST0011'
      20
    1000
     778        19
     776        15
     770        12
     718        18
     679         6
     638        15
     515         3
     475         7
     473         2
     387         2
     313         5
     217         7
     188        12
     187        17
     156        11
     130         6
      93         5
      81        11
      78        17
      46        10
'TEST0012'
      20
    1000
     770         4
     713         9
     699        14
     570        13
     531        11
     475        19
     466        13
     457         1
     441         9
     428        17
     392        13
     385        13
     343         2
     332        17
     273         2
     259         4
     230        10
     148        14
     109         7
      97         8
'TEST0013'
      20
    1000
     800        11
     730        14
     684         5
     665        20
     650         2
     623        17
     611        15
     495        11
     431        20
     424         1
     418         3
     371        13
     269         9
     214         7
     201        11
     187        16
     134        11
      83         8
      16         4
      13         2
'TEST0014'
      20
    1000
     764         5
     740        13
     732         2
     652        16
     646         4
     587         9
     544        14
     496         2
     419         9
     403        16
     366         3
     314         7
     263        14
     213        15
     206        10
     195        17
     172        13
     155         7
     119        17
      79         7
'TEST0015'
      19
    1000
     748        12
     742         8
     689        16
     638        10
     616         3
     598         5
     593        18
     574         8
     542         6
     506        11
     425        17
     384         4
     356         5
     283        14
     276        13
     254        10
     188        17
      91         7
      40        16
'TEST0016'
      20
    1000
     790         4
     720        11
     700         7
     658         5
     583         7
     571         2
     570        15
     550        11
     478        15
     465         3
     427        14
     398        15
     375        12
     367        13
     333        13
     242         1
     155        17
     152        15
      83         6
      77        14
'TEST0017'
      20
    1000
     738        13
     724         1
     718        17
     665        13
     658         9
     594        15
     544        18
     493        12
     483         3
     403        11
     387        13
     353        18
     326        17
     309        10
     279        11
     198        10
     177         2
     175         2
     149         2
     140         3
'TEST0018'
      19
    1000
     766        13
     741        15
     724         4
     698        12
     692         4
     656        16
     555         8
     536        14
     450         2
     424        15
     368        16
     306         6
     270        15
     254        13
     231        11
     227        10
     152         6
      86        12
      73         8
'TEST0019'
      20
    1000
     715         7
     704        23
     650        21
     639        10
     625        15
     553         4
     514        12
     511        15
     508         8
     426         3
     420        14
     411         6
     360         1
     359         9
     348         4
     320         3
     300        14
     290         4
     182        11
     161        16
'TEST0020'
      20
    1000
     797         8
     791         4
     743         2
     708        12
     705         8
     682        18
     667         2
     605        14
     602         1
     587        13
     560        15
     532        18
     472        18
     430        18
     297         9
     283         1
     217         9
     114        11
      77         9
      34        10
'TEST0021'
      20
    1000
     769        22
     737        20
     639        14
     637         4
     620         2
     589         2
     576         6
     449         8
     425        20
     247         5
     244         3
     234         2
     204        14
     170        15
     157        13
     121         1
      92        11
      68        16
      48        22
      16         1
'TEST0022'
      20
    1000
     744         2
     741         2
     726         9
     676        11
     635         8
     615         3
     611         3
     602        19
     598         8
     505        12
     492        20
     474        21
     469         4
     338         9
     260         4
     255        19
     224        19
     223        18
     154         3
     147         6
'TEST0023'
      20
    1000
     757        13
     742        12
     665         1
     549        18
     546         6
     535        14
     376        12
     374        10
     304         8
     301        18
     278         3
     232         3
     227        12
     210        19
     166        17
     135        14
     118         5
      98         6
      60         1
      13         8
'TEST0024'
      19
    1000
     797        16
     794        24
     761        13
     651         1
     631         8
     506         7
     466        21
     388        14
     376         7
     325        20
     304         8
     281        21
     246         6
     213         3
     187        15
     149         1
      91         7
      83         3
      38         5
'TEST0025'
      19
    1000
     736        17
     655        10
     607         5
     578        16
     516         3
     503         2
     430         8
     416        12
     339        14
     306        23
     224        13
     215         5
     196        15
     164         4
     160        12
     146         5
     121         4
      75        14
      15        18
'TEST0026'
      20
    1000
     783         5
     752         7
     694        14
     612         1
     599         9
     590        18
     557         8
     420        11
     378        10
     300         6
     278        12
     267        16
     256         1
     220         2
     175        18
     164        15
     151        16
     113        15
      73        10
      68         6
'TEST0027'
      20
    1000
     780         9
     721         8
     646         8
     450        17
     445        21
     417         2
     393        19
     336         2
     325        17
     294        20
     286        13
     211         2
     208        16
     143         5
     116        13
      91         4
      87         6
      68         6
      54         6
      42         6
'TEST0028'
      20
    1000
     783         9
     688         3
     666         1
     618        12
     587        12
     564        15
     543        14
     519        15
     515         8
     398        14
     368        12
     349         3
     299        11
     206        13
     198        14
     171         4
      90        16
      83         1
      73         7
      50        16
'TEST0029'
      20
    1000
     799        12
     778         7
     645        15
     495        12
     443        18
     439        13
     432        10
     429         5
     428         5
     408        12
     392        13
     366         2
     347         7
     320        10
     303        17
     207        11
     206         5
     195         1
     172        18
     117         7
'TEST0030'
      20
    1000
     587         2
     581        17
     557         3
     509         6
     494         9
     443        11
     417        10
     360         2
     326        15
     325        20
     277        18
     268        17
     198         3
     183         7
     149         4
     119        13
     116         8
     111        15
      80        16
      72         4
'TEST0031'
      20
    1000
     704        13
     649         3
     637         2
     592        16
     588         1
     546         7
     494        14
     465        16
     428        13
     414        15
     394        17
     390         5
     378        11
     365         5
     114        14
     113        16
      78        12
      38        15
      36         3
      14         2
'TEST0032'
      19
    1000
     767        13
     757        18
     711         8
     705        16
     640        15
     623        14
     563         3
     548        17
     529        17
     505        15
     488        17
     426         3
     420         3
     248        18
     237         4
     236         5
      77         3
      20         8
      18         3
'TEST0033'
      20
    1000
     707        13
     660         3
     643        17
     630        10
     528        15
     444        18
     405         1
     375         9
     354         4
     345         1
     326        19
     265         4
     209        15
     180         9
     158         7
     118        15
      79        16
      72         7
      58        17
      42         1
'TEST0034'
      20
    1000
     744        19
     734         4
     661        13
     638        14
     583         6
     551         8
     376         3
     354         4
     347         5
     319         2
     309        17
     284        22
     273         5
     260        18
     220        19
     189         4
     178        11
     130         9
     107        17
      96         1
'TEST0035'
      20
    1000
     760        10
     671         9
     660         7
     589        17
     588         7
     572         6
     557        16
     487        11
     471         7
     463        14
     428        12
     413        11
     330         9
     277        14
     244        10
     190        19
     182         2
     181         6
     105         6
     103         7
'TEST0036'
      20
    1000
     765        10
     764         4
     675        16
     672         9
     618        15
     595        15
     557        15
     508         2
     495        13
     455        13
     433        11
     432        10
     359        12
     283         3
     186         5
      82         7
      80        16
      74        11
      64        12
      60         1
'TEST0037'
      20
    1000
     775        13
     762        18
     722        17
     721        11
     718         7
     670         5
     544        10
     507        19
     482         8
     467        11
     420         1
     419         4
     417         8
     414         1
     314         8
     182        14
     147         6
     131         9
     102        19
      30        11
'TEST0038'
      20
    1000
     792        15
     788         3
     764         9
     761        12
     707        17
     698         8
     663        20
     658        21
     589         1
     574         3
     537         4
     534        22
     532        18
     501         7
     487         1
     459        21
     458         1
     436         6
     158         5
     137         6
'TEST0039'
      20
    1000
     682        15
     676        15
     658         2
     483        10
     455        11
     449        14
     420         8
     398        10
     372        17
     360        14
     323         4
     257        10
     255        12
     245         1
     159        11
     156         8
     137        14
     125         5
     116        11
      61         8
'TEST0040'
      20
    1000
     759        12
     669        13
     664         1
     619         6
     614        11
     592        11
     559        11
     550        16
     501        17
     472         7
     433         4
     418        11
     411        10
     392         8
     298        12
     290         5
     257         1
     240         8
     117        15
      93        21
'TEST0041'
      20
    1000
     698         8
     696         7
     692        12
     691         2
     584        17
     462        18
     455        16
     401         1
     358        21
     327         7
     261         8
     209         8
     200        14
     184         3
     172         5
     166         2
     126        14
     111        18
      88        15
      48         4
'TEST0042'
      20
    1000
     778        16
     716         5
     694        18
     692         9
     611         2
     559        21
     515         6
     512        12
     421        13
     413         6
     374        10
     370        16
     331        19
     326         4
     247         9
     163         9
     154         3
     153         6
     104         2
      79        14
'TEST0043'
      19
    1000
     762        15
     757        15
     725         2
     668        18
     655         3
     627         7
     563        15
     541         7
     536         7
     522        10
     507        29
     445         8
     430         6
     364         9
     360         9
     163         1
     115        11
     105        14
      49        14
'TEST0044'
      20
    1000
     791         2
     761        17
     706        16
     699        13
     684         1
     638         5
     624        11
     550         4
     518        17
     504         1
     482        11
     471        16
     448        16
     340        14
     312         6
     279         8
     236        12
     225        17
     148         1
      11        12
'TEST0045'
      20
    1000
     786        11
     746        10
     678        14
     662        22
     623        12
     597        21
     594        24
     532        24
     524         7
     470         8
     435         2
     338         5
     320         3
     317         6
     255         1
     196         6
     190         2
     150         1
      39         2
      12        19
'TEST0046'
      20
    1000
     783         6
     753        16
     718         3
     676         3
     647        15
     643         8
     576         8
     472        11
     438         5
     395        13
     376         6
     330        14
     272        17
     245         5
     185        18
      92        18
      40         7
      34        12
      29         1
      10        14
'TEST0047'
      19
    1000
     767        13
     763        10
     666         9
     612        14
     607        15
     590        12
     555        11
     554         7
     355        33
     268         3
     259        16
     234         3
     226        11
     207        15
     156         4
     108         1
      91        15
      85         4
      46         4
'TEST0048'
      20
    1000
     782         8
     750        16
     686        13
     654        16
     610         1
     571        12
     555         3
     482        13
     466         9
     464        11
     328        11
     309         9
     245         5
     203        10
     176        13
     144         5
      96         1
      93        16
      88        15
      35        13
'TEST0049'
      19
    1000
     745        10
     722        16
     717         4
     714         1
     695        16
     659        17
     578        16
     549         9
     544         9
     517        13
     469         8
     406        13
     353         8
     314         7
     233        10
     164         3
     105        16
     103        10
      20        14
'TEST0050'
      20
    1000
     683         2
     667        16
     637        19
     588        19
     537         4
     504        17
     460        10
     403        13
     392        16
     317         8
     305        11
     272        14
     256         9
     201         4
     192         2
     127         4
     110         3
      85         1
      79        16
      62        12
'TEST0051'
      20
    1000
     749        12
     744        14
     741        10
     739         3
     679        10
     674        10
     667        12
     595        14
     565        11
     529         9
     503        11
     456        10
     428         5
     395        12
     376        12
     294        14
     144         2
      90        15
      60        12
      44         2
'TEST0052'
      19
    1000
     759         2
     711         3
     667         6
     576        15
     552         1
     516        15
     483        19
     366        11
     348         5
     333        12
     325        12
     309        17
     293        12
     232        15
     218        14
     142        12
     113         2
      81        18
      56         9
'TEST0053'
      19
    1000
     625        16
     490        11
     467        14
     461         4
     450         6
     447        14
     444        12
     404         3
     370         3
     358        15
     326         3
     324        16
     298        11
     223         8
     222        25
     182         8
      97        17
      93         6
      62         8
'TEST0054'
      20
    1000
     785         1
     774        13
     748        17
     711         8
     679         8
     606        10
     555         7
     554         6
     529         6
     526        10
     499         9
     416         3
     391        15
     288        12
     274        14
     259        14
     103         3
      91        16
      87        16
      54        12
'TEST0055'
      20
    1000
     790         4
     740         3
     714         7
     608         9
     584         7
     515         8
     501         2
     466         5
     464         3
     429        17
     324         5
     298        13
     291        20
     280         5
     238        19
     229        18
     216        19
     199        10
     197        14
     161        12
'TEST0056'
      20
    1000
     788         5
     744         8
     713         8
     529         5
     515         4
     498         1
     433        15
     428        10
     414        15
     376        16
     284        17
     238         1
     226         3
     156        14
     140        17
      79        10
      76        13
      67        16
      58        16
      22         6
'TEST0057'
      20
    1000
     738        17
     706         8
     705        12
     703         6
     672         8
     557         1
     556         7
     547         7
     529        12
     472        12
     419        12
     402        15
     261         7
     214        10
     172         7
     160         8
     108        12
      63        17
      53        12
      18        10
'TEST0058'
      20
    1000
     800         9
     798        17
     781         1
     613        15
     552         7
     533         1
     499         3
     489        11
     479        15
     462         4
     429         6
     420        15
     396        12
     352        20
     332        21
     298        18
     290         5
     281         3
     206        11
      70         6
'TEST0059'
      20
    1000
     772         2
     703         8
     693         7
     618         2
     589        15
     560         8
     543        13
     534         3
     456        16
     400        20
     398         8
     397         9
     394        16
     343         8
     342        14
     328         4
     230        18
      74         8
      55         8
      16        13
'TEST0060'
      20
    1000
     781        11
     684         4
     670         1
     666        16
     598        16
     500        13
     440        13
     431        12
     403         9
     389        12
     360         6
     355        10
     200        16
     197        12
     196        13
     185        14
     141         3
     111         5
      37         8
      10         6
'TEST0061'
      19
    1000
     723        10
     572        17
     547         9
     546         1
     493         4
     472        19
     439        13
     389         2
     364         5
     290        17
     257        16
     240        20
     202        11
     188         9
     184        17
     183         6
     157         5
      46        17
      40         2
'TEST0062'
      20
    1000
     792         4
     774        17
     745        18
     722         2
     656        16
     630         9
     599        11
     536        13
     531         1
     398         2
     396         5
     345         2
     284        16
     263        15
     222         7
     193        19
     172        18
     147         5
     115        11
      42         9
'TEST0063'
      20
    1000
     761        11
     729         6
     706        11
     595        18
     569        14
     565        14
     522        14
     486         9
     480        10
     441        20
     436         1
     427        19
     393        14
     349        14
     339         1
     298         2
     283         1
     163         3
     101        16
      29         2
'TEST0064'
      20
    1000
     725        16
     707         4
     705        12
     668        10
     574         3
     532        12
     524         1
     519        12
     512         1
     493         7
     450        16
     438        13
     423        14
     328        17
     319        16
     166        17
     150        18
     116         2
      96         8
      22         1
'TEST0065'
      19
    1000
     791        18
     757         6
     753         2
     751         2
     692        21
     674        13
     653        31
     631        12
     627        16
     604         7
     475        20
     392        14
     360         5
     260         1
     220         1
     167        19
     133         1
     105         2
      65         9
'TEST0066'
      19
    1000
     732        17
     706         1
     675        19
     647         2
     624        17
     610        15
     609        22
     566        10
     499         8
     478         4
     475        16
     454         9
     389        15
     375        11
     357         8
     255         5
     227        14
      55         6
      42         1
'TEST0067'
      19
    1000
     764        22
     720        11
     661         2
     638        20
     580         6
     458        18
     453         2
     442        18
     427        11
     358         2
     351        13
     324        15
     303         2
     256        12
     217         1
     189        10
     188        13
     148         7
     121        15
'TEST0068'
      20
    1000
     787         4
     786        10
     783        10
     760         9
     748         9
     727        18
     678         1
     643        12
     489         6
     476        16
     452         4
     439        13
     433         7
     374        18
     316        15
     212         4
     205        11
     147        11
      64        18
      36         4
'TEST0069'
      20
    1000
     772        16
     719         6
     667        14
     656         2
     628         2
     615        17
     565        16
     542        17
     536         1
     518         3
     480        17
     465         3
     419        12
     361        14
     244        13
     237         3
     125         3
     122        16
      58        11
      17        14
'TEST0070'
      19
    1000
     725        12
     696        10
     692        11
     675         9
     665         5
     604         7
     585        17
     544        12
     526        12
     512        14
     499        17
     366         9
     315         5
     250        18
     233         3
     148         5
     130        16
      66        16
      65         2
'TEST0071'
      20
    1000
     788        16
     761         6
     754        15
     721        19
     680        10
     640         4
     624         4
     530         8
     485        18
     424         7
     344         1
     290        10
     278         8
     206         4
     189         8
     185        13
     184        16
      90         8
      67         9
      56        16
'TEST0072'
      20
    1000
     794        13
     792        15
     766        14
     657        12
     614        12
     540        17
     507         6
     505        19
     483        13
     415         6
     394         4
     342         7
     269        14
     256        13
     220         2
     134         3
      89         2
      60         6
      44        17
      22         5
'TEST0073'
      20
    1000
     764        18
     758         1
     737        10
     724        14
     673         1
     655         5
     567        19
     560         5
     529         9
     497        10
     493        18
     450        18
     388         2
     350        19
     312        10
     192         2
     161        13
     125         6
      62        19
      58         1
'TEST0074'
      20
    1000
     798        19
     720        15
     613         1
     593        18
     560         2
     536         7
     502         8
     489         2
     446        11
     431         9
     405        10
     404        18
     377         8
     336        20
     293         2
     262         2
     120         4
      96        17
      88        11
      49        16
'TEST0075'
      20
    1000
     745        11
     741        15
     726        13
     705        13
     682        14
     629         5
     618         6
     616         9
     553         8
     539        13
     535         3
     489        18
     442         4
     392         8
     341        11
     334        11
     296         9
     292        15
     128         7
      81         7
'TEST0076'
      20
    1000
     795         7
     766         9
     686         9
     611        17
     598        16
     586         1
     456         5
     455         2
     435         6
     427        18
     355         2
     301        12
     298        15
     262         6
     229         3
     122        17
     110         8
      34        15
      30        16
      29        16
'TEST0077'
      19
    1000
     626        12
     623         2
     589        17
     578        14
     563        12
     530         5
     523         1
     521        16
     508         4
     489        12
     460        38
     426        14
     363        13
     354         2
     289         9
     232         6
     174         7
     148        13
      18         3
'TEST0078'
      20
    1000
     761         9
     720        24
     717         1
     707        23
     685         9
     656        19
     628         1
     604        11
     513         5
     501         4
     448         3
     403         8
     380        12
     375        23
     336        11
     310        13
     202        10
     156         5
     133         3
      47         6
'TEST0079'
      20
    1000
     788        15
     786         7
     763        19
     739        16
     668         6
     571         5
     538         8
     469         2
     432        18
     414         4
     364        19
     352        13
     235        17
     201         5
     185         4
     154         7
     128        12
      72         8
      33        11
      14         4
'TEST0080'
      18
    1000
     799        17
     797        17
     772        13
     753         1
     752         1
     656        10
     576        15
     542        17
     474         2
     443        10
     396         8
     308        13
     297        12
     277        26
     265         9
     219         5
     139         8
      76        16
'TEST0081'
      20
    1000
     684         2
     636         3
     580        13
     554        13
     536         4
     487        18
     483        17
     476        12
     418         6
     376         9
     325        13
     313        12
     295        12
     223        17
     220        12
     201        10
      82        12
      36         5
      31         6
      10         4
'TEST0082'
      20
    1000
     673         1
     623         5
     611         4
     552        10
     550        12
     516        22
     509        11
     501         5
     494         2
     428         1
     385        14
     366        13
     273         5
     261        18
     196        20
     164         5
     156         7
     130        20
      78        14
      40        11
'TEST0083'
      19
    1000
     786        14
     771         4
     732        21
     718        12
     704         7
     680         7
     670         5
     532        13
     453         6
     446         8
     322         2
     267         7
     214        14
     185        20
     140        18
      94        15
      75         1
      70        11
      64        15
'TEST0084'
      20
    1000
     722        15
     678        15
     677         1
     625        11
     563        11
     514         8
     509         2
     507        16
     486        13
     462        15
     411         8
     324         3
     268        16
     250        13
     216        11
     183         2
     106        11
      72        14
      28         8
      26         7
'TEST0085'
      20
    1000
     768         2
     697         1
     624        16
     620         8
     466         6
     429         9
     380        12
     377        15
     363         7
     331        16
     310         6
     307        12
     253         5
     240         3
     203        16
     158         4
     120        15
      35        16
      31        13
      18        18
'TEST0086'
      20
    1000
     715         8
     679         1
     633        19
     628         3
     618         8
     586         1
     550        21
     544        11
     467        13
     389         7
     350         5
     314        20
     300         8
     271        21
     256        11
     245         6
     230        18
     186         5
     105         6
      60         8
'TEST0087'
      20
    1000
     782         8
     774         2
     770         6
     646        17
     638         5
     633        16
     618        17
     565        12
     543         8
     542        12
     351         3
     326        11
     272        11
     229        17
     177         1
     157         7
     151        12
     126        16
     111         5
      10        14
'TEST0088'
      20
    1000
     747         4
     665         2
     655        13
     627        12
     605         3
     601        11
     570        14
     557        11
     522         1
     516         4
     493        17
     475         4
     421        12
     394         7
     364        15
     351         9
     238        16
     177        10
     145        16
      50        19
'TEST0089'
      20
    1000
     725        17
     695         7
     670         3
     635         9
     631        10
     589        18
     484        11
     471        13
     422        13
     403         9
     397        17
     384         2
     320        18
     268         3
     246         3
     239        18
     238         5
     233         2
     228        13
      93         9
'TEST0090'
      20
    1000
     758        18
     735        13
     714         7
     712         9
     695        10
     647        15
     626        17
     576        16
     552         3
     517        12
     504         2
     468         2
     454         9
     393         4
     203        16
     146         2
      83        12
      77         3
      58        15
      36        15
'TEST0091'
      19
    1000
     716         1
     679         4
     674         7
     641        12
     597         5
     592         4
     562         3
     537        16
     404        14
     372        14
     348        11
     311         6
     309        16
     249        15
     244        34
     138        21
     132         2
     122         8
      54         7
'TEST0092'
      20
    1000
     776         9
     692         4
     627         2
     590         9
     510        10
     492         6
     399        12
     337         6
     325         7
     317        19
     267         9
     233        17
     179         4
     151        18
     113         8
     102        12
      86        21
      62         5
      28        16
      10         6
'TEST0093'
      20
    1000
     787        14
     727        12
     695        17
     648        14
     559        15
     546         9
     531         2
     514        17
     509         6
     431        16
     280        10
     258         3
     168        15
     158         3
     120        12
     118         9
      98         7
      77         2
      46         5
      37        12
'TEST0094'
      20
    1000
     798         6
     786         2
     749         8
     730        21
     710         6
     700        15
     687         5
     662        15
     588        12
     514         6
     480        13
     323         1
     283        18
     260         7
     255        19
     234         4
     206        16
     145         6
      52         3
      46        17
'TEST0095'
      19
    1000
     792        17
     784         7
     762        15
     705         4
     692        10
     640        13
     622        13
     603         1
     511         6
     507         8
     480        28
     456         5
     413        17
     181        18
     163        14
     154         2
     139         1
      87        17
      26         4
'TEST0096'
      20
    1000
     728         3
     705        19
     638        18
     628         4
     602         5
     591        28
     575        11
     566         1
     555        14
     522         1
     475         1
     470        11
     417        18
     401        17
     387         4
     321        20
     238         2
     114         5
      60        11
      59         7
'TEST0097'
      18
    1000
     799         2
     731         1
     663         2
     643        10
     505         5
     461        18
     396        14
     362        16
     345        10
     290         9
     274         6
     271        14
     266        32
     223         3
     189        12
     157        20
      82        17
      80         9
'TEST0098'
      20
    1000
     784        13
     760         6
     709         8
     697        16
     688        12
     684        10
     676         8
     647        15
     626         1
     563        11
     560         9
     535        15
     385         1
     372        15
     359        13
     325        16
     185        13
      90         4
      58         6
      33         8
'TEST0099'
      20
    1000
     800         2
     783        16
     772         7
     724        12
     708        11
     646         2
     445        13
     416        13
     319         9
     287         6
     280         5
     267         9
     247         6
     232        17
     197         7
     105        15
      96        15
      87        11
      72        12
      57        12
'TEST0100'
      19
    1000
     779        12
     778        17
     751         1
     727         4
     709        10
     683         2
     682         3
     675         7
     644         9
     617        11
     594        15
     580        10
     551        20
     423        21
     417        13
     371        21
     288         4
     242         1
     144        19
