'TEST0001'
      20
    1000
     767       102
     763        93
     684        92
     667        64
     630        56
     622       153
     606        83
     594       200
     563       110
     562        38
     529        39
     519       180
     510        73
     410       141
     403       164
     372       109
     370       105
     363        62
     333        28
     209       108
'TEST0002'
      20
    1000
     791       171
     777         4
     762        94
     756        29
     670        71
     659       192
     558       134
     557       179
     488       164
     434        11
     424        80
     323       190
     322        97
     315        30
     298        61
     276        20
     273        61
     269       169
     263        89
     209       154
'TEST0003'
      20
    1000
     795        72
     788         5
     784       131
     755       109
     752        97
     733       164
     688       186
     684       170
     668       129
     614       181
     608       185
     601        18
     584       157
     483        24
     481       177
     386         5
     378       108
     371        42
     219        25
     211        15
'TEST0004'
      20
    1000
     789       139
     710        17
     661       196
     624        85
     596       146
     563        17
     555       162
     517        84
     490       152
     461        20
     429        57
     428        87
     389        63
     323        65
     308       120
     304       156
     300       136
     274       123
     260       110
     246        65
'TEST0005'
      20
    1000
     790       210
     763       196
     730         8
     677       168
     621        85
     565        45
     558        24
     554        86
     548       166
     492       123
     461       154
     454       194
     445        41
     375        48
     373        34
     368       158
     318         6
     314       151
     298         5
     203        98
'TEST0006'
      20
    1000
     795       113
     789       125
     784       131
     738       151
     724        86
     699       145
     697        53
     670         1
     582       139
     576       117
     544        87
     462       106
     459        96
     421        84
     387       151
     348       120
     320       117
     270        56
     262        87
     242        35
'TEST0007'
      20
    1000
     765       125
     736        95
     693       113
     688       210
     662        91
     652        78
     632        90
     476       173
     464       136
     383        67
     375       129
     372        86
     355        79
     343       174
     316        39
     312        78
     275        15
     238         6
     224        82
     201       134
'TEST0008'
      19
    1000
     768        73
     740        86
     703         6
     678        14
     677       128
     663       353
     644       152
     620       111
     599        40
     587       134
     576        21
     543       118
     539       106
     520        84
     510       180
     503        55
     498        96
     448       174
     254        69
'TEST0009'
      20
    1000
     763       114
     756        88
     747       167
     712       179
     626        45
     606       177
     591       133
     568       145
     536        40
     401        22
     398        40
     392       157
     359        54
     338       137
     279        18
     271       187
     266        37
     235       121
     234        36
     230       103
'TEST0010'
      20
    1000
     798        32
     792        50
     746        95
     733        55
     730        91
     687       132
     665       112
     661        97
     595        50
     594        50
     576        78
     520       240
     501        64
     443       177
     412        18
     408       232
     380        82
     313       214
     260        34
     220        97
'TEST0011'
      20
    1000
     784       186
     782       153
     777       120
     738       177
     708        62
     677       149
     584        35
     553        75
     552        21
     486        18
     430        50
     357        75
     335       125
     334       174
     311       110
     291        63
     263        51
     254       110
     252       172
     227        74
'TEST0012'
      20
    1000
     778        43
     734        86
     723       138
     625       131
     596       106
     553       194
     546       129
     540         3
     528        86
     518       169
     490       131
     485       130
     453        24
     444       174
     400        24
     389        44
     367       101
     304       138
     275        72
     266        77
'TEST0013'
      20
    1000
     800       106
     747       143
     712        51
     697       199
     686        21
     666       175
     656       151
     568       113
     520       201
     514         3
     510        28
     474       126
     397        93
     355        74
     345       115
     334       159
     294       108
     255        84
     204        37
     202        13
'TEST0014'
      20
    1000
     773        53
     755       128
     748        18
     688       158
     683        41
     638        85
     606       140
     569        16
     511        93
     498       163
     470        30
     431        66
     392       136
     354       151
     349        99
     341       172
     323       134
     310        72
     282       169
     253        76
'TEST0015'
      19
    1000
     760       125
     756        76
     716       161
     677       103
     660        33
     647        53
     643       182
     628        80
     604        55
     577       115
     515       174
     484        35
     463        50
     407       139
     402       130
     385       102
     335       173
     262        69
     222       145
'TEST0016'
      20
    1000
     792        37
     739       110
     724        66
     692        50
     635        72
     626        16
     625       148
     610       112
     556       151
     546        32
     517       136
     494       150
     477       117
     471       132
     446       130
     376         3
     310       171
     308       147
     255        61
     251       159
'TEST0017'
      20
    1000
     753       132
     742         1
     738       171
     698       135
     692        85
     644       150
     606       176
     567       123
     559        34
     498       106
     486       131
     460       181
     440       175
     427        95
     404       115
     343        96
     327        20
     325        21
     305        20
     299        33
'TEST0018'
      20
    1000
     775       130
     755       148
     742        45
     723       118
     718        39
     691       156
     614        84
     600        86
     599        54
     534        20
     515       148
     472       159
     425        58
     398       145
     385       130
     368       115
     364       102
     308        56
     257       121
     247        86
'TEST0019'
      20
    1000
     735        71
     727       229
     686       208
     678        99
     667       154
     612        37
     583       118
     581       150
     578        78
     516        28
     511       140
     505        60
     466        13
     465        88
     457        43
     436        34
     420       139
     413        38
     331       105
     315       168
'TEST0020'
      20
    1000
     798        83
     793        39
     756        19
     730       117
     728        76
     710       179
     699        21
     652       139
     650         4
     638       131
     618       155
     596       178
     551       182
     519       178
     418        90
     407         5
     357        91
     279       109
     251        86
     218       118
'TEST0021'
      20
    1000
     776       223
     752       195
     677       139
     676        39
     663        21
     640        21
     630        64
     534        78
     515       196
     380        50
     377        26
     370        24
     347       139
     321       155
     312       128
     284         5
     262       107
     244       163
     229       218
     205         9
'TEST0022'
      20
    1000
     758        16
     755        19
     744        95
     706       110
     674        81
     659        35
     657        25
     649       194
     647        84
     576       116
     566       203
     553       208
     549        40
     449        94
     390        44
     386       194
     362       191
     361       179
     309        34
     304        38
'TEST0023'
      20
    1000
     767       132
     756       121
     698         3
     609       184
     607        60
     599       142
     478       120
     476       101
     423        84
     421       176
     404        28
     369        27
     365       123
     352       192
     318       168
     295       136
     282        50
     266        59
     238         7
     202        87
'TEST0024'
      19
    1000
     798       160
     796       241
     771       134
     687        14
     672        77
     576        71
     546       212
     487       144
     478        71
     439       203
     423        79
     406       209
     379        56
     354        32
     334       155
     305         7
     261        65
     255        31
     221        39
'TEST0025'
      19
    1000
     752       171
     690        96
     653        55
     631       163
     584        29
     575        15
     519        76
     508       120
     450       141
     425       229
     362       130
     356        52
     341       152
     317        37
     313       124
     303        54
     284        36
     249       144
     203       176
'TEST0026'
      20
    1000
     787        50
     763        70
     720       138
     657         7
     648        91
     641       179
     615        82
     512       114
     479        96
     420        63
     404       120
     395       159
     386        10
     360        22
     325       180
     317       153
     307       165
     278       146
     248       102
     244        53
'TEST0027'
      20
    1000
     785        90
     740        77
     683        76
     534       172
     530       207
     509        22
     491       185
     448        21
     439       172
     416       196
     409       125
     352        23
     350       158
     301        51
     280       135
     262        37
     258        60
     244        65
     234        56
     225        72
'TEST0028'
      20
    1000
     787        92
     715        35
     698         7
     662       122
     638       120
     621       148
     605       141
     587       152
     583        78
     495       138
     472       116
     457        35
     419       109
     349       125
     343       140
     322        41
     261       157
     256        11
     248        74
     230       159
'TEST0029'
      20
    1000
     799       122
     783        72
     683       154
     568       116
     529       177
     526       130
     521       101
     518        55
     517        50
     502       118
     490       128
     470        25
     456        71
     436        96
     423       173
     350       106
     349        46
     340         2
     323       181
     281        77
'TEST0030'
      20
    1000
     638        17
     634       165
     616        32
     579        64
     567        88
     529       115
     509       100
     466        16
     440       149
     439       198
     402       179
     396       165
     343        35
     331        73
     306        44
     283       133
     281        82
     277       151
     253       161
     247        33
'TEST0031'
      20
    1000
     727       128
     686        27
     676        24
     642       162
     639        13
     607        71
     567       136
     546       158
     517       128
     507       149
     491       169
     489        48
     480       106
     469        46
     279       142
     278       157
     252       118
     221       146
     220        28
     203        44
'TEST0032'
      19
    1000
     775       131
     767       177
     732        80
     728       163
     678       148
     666       144
     620        25
     608       166
     595       171
     576       146
     563       167
     516        35
     511        33
     380       185
     372        39
     371        50
     251        32
     208        84
     206        24
'TEST0033'
      20
    1000
     729       133
     694        33
     681       168
     671        95
     594       150
     529       176
     500         3
     477        89
     461        44
     454        13
     440       189
     393        36
     351       148
     329        88
     312        74
     282       152
     252       163
     247        74
     237       165
     224         7
'TEST0034'
      20
    1000
     757       193
     750        36
     695       130
     677       137
     635        64
     611        75
     478        26
     461        40
     456        55
     435        21
     427       168
     408       219
     399        45
     390       181
     359       187
     336        35
     328       111
     291        87
     273       168
     266        22
'TEST0035'
      20
    1000
     769       105
     702        86
     694        74
     640       168
     639        71
     627        59
     615       158
     562       110
     550        72
     544       136
     518       117
     506       105
     443        94
     403       142
     378       103
     337       186
     331        17
     330        63
     272        58
     271        76
'TEST0036'
      19
    1000
     774        97
     773        41
     705       161
     703        94
     662       150
     644       151
     616       152
     578        23
     568       127
     538       127
     521       214
     465       116
     407        32
     334        55
     255        71
     253       156
     248       106
     241       118
     238         9
'TEST0037'
      20
    1000
     781       125
     771       175
     741       169
     740       113
     738        72
     701        54
     606       105
     577       193
     559        80
     547       112
     512         1
     511        42
     509        83
     507        15
     431        76
     330       140
     304        62
     292        88
     270       192
     215       103
'TEST0038'
      20
    1000
     794       154
     791        32
     773        87
     770       120
     729       173
     723        84
     696       202
     692       206
     640         2
     628        32
     601        45
     598       219
     597       181
     573        68
     562         3
     541       210
     540         1
     524        63
     312        47
     297        71
'TEST0039'
      20
    1000
     711       154
     706       147
     693        20
     559        98
     538       108
     533       141
     511        84
     495        99
     475       168
     465       140
     438        35
     388        96
     386       121
     379         5
     313       109
     311        81
     297       138
     287        54
     280       113
     239        89
'TEST0040'
      20
    1000
     769       125
     700       131
     697         7
     663        61
     659       109
     642       108
     617       111
     610       164
     573       167
     551        70
     522        43
     510       108
     504       101
     490        75
     418       124
     412        55
     388        15
     374        84
     281       153
     263       189
'TEST0041'
      20
    1000
     723        78
     721        72
     718       123
     717        19
     636       172
     543       179
     538       156
     497        12
     464       208
     441        73
     390        75
     351        82
     344       139
     332        27
     323        50
     318        25
     288       142
     277       181
     259       147
     229        40
'TEST0042'
      19
    1000
     783       157
     736        47
     719       177
     718        94
     657        24
     617       211
     583        62
     581       120
     512       133
     506        58
     477       104
     474       165
     444       187
     440        41
     380        88
     316        90
     309        90
     272        15
     252       137
'TEST0043'
      19
    1000
     772       146
     768       145
     743        23
     700       177
     690        25
     668        68
     620       154
     603        68
     600        66
     589       101
     578       284
     530        81
     519        58
     469        86
     466        87
     316         9
     280       111
     272       143
     230       168
'TEST0044'
      20
    1000
     793        18
     771       169
     729       165
     723       134
     712         3
     677        53
     666       115
     611        40
     586       174
     575        15
     559       109
     550       161
     532       161
     450       135
     429        64
     404        77
     372       121
     364       172
     305        10
     200       104
'TEST0045'
      20
    1000
     789       107
     759        97
     707       143
     695       219
     665       121
     646       213
     643       238
     596       243
     591        75
     549        76
     523        21
     449        49
     436        35
     433        64
     386         3
     341        65
     337        15
     306         4
     222        23
     201       189
'TEST0046'
      20
    1000
     787        56
     764       164
     738        34
     706        27
     684       146
     681        81
     630        80
     551       114
     525        45
     492       132
     478        60
     443       136
     399       172
     378        51
     333       185
     262       183
     223        69
     218       122
     214         2
     200       141
'TEST0047'
      19
    1000
     775       126
     772       101
     698        91
     657       142
     653       153
     641       124
     614       107
     613        72
     462       338
     396        27
     389       165
     370        30
     364       110
     350       150
     311        38
     274         3
     261       154
     257        40
     227        29
'TEST0048'
      20
    1000
     786        80
     762       162
     713       132
     689       165
     656         2
     626       119
     614        30
     559       135
     546        89
     545       114
     442       105
     427        86
     378        48
     347       101
     326       133
     302        48
     266        15
     263       157
     259       147
     219       132
'TEST0049'
      20
    1000
     759        16
     758        76
     741       161
     737        44
     735        15
     720       156
     693       172
     631       162
     609        91
     605        88
     585       131
     549        84
     501       130
     460        82
     431        74
     369        98
     317        28
     272       161
     270       104
     207       127
'TEST0050'
      20
    1000
     711        20
     699       162
     676       187
     639       187
     600        39
     575       169
     542       101
     499       132
     490       156
     433        80
     424       111
     399       143
     386        85
     345        36
     338        23
     288        39
     276        32
     257         1
     252       155
     239       142
'TEST0051'
      20
    1000
     761       117
     757       139
     755       104
     754        25
     708        98
     705        98
     699       118
     645       140
     622       106
     594        88
     574       112
     539        96
     517        50
     493       115
     478       115
     415       140
     301        16
     261       146
     238       125
     226        52
'TEST0052'
      19
    1000
     769        17
     733        27
     699        57
     630       153
     612         1
     584       146
     559       189
     470       107
     457        48
     446       118
     439       116
     427       174
     415       121
     369       146
     358       142
     300       122
     278        17
     254       180
     235       119
'TEST0053'
      19
    1000
     667       165
     565       107
     547       139
     542        37
     534        64
     532       144
     530       118
     499        30
     473        25
     464       154
     440        31
     439       162
     419       114
     362        75
     361       259
     330        82
     266       170
     263        60
     239        64
'TEST0054'
      20
    1000
     789         3
     780       132
     761       169
     732        83
     708        76
     653       104
     614        69
     613        58
     594        57
     592       101
     571        88
     508        28
     490       149
     411       120
     401       141
     389       140
     271        32
     262       156
     258       157
     233       137
'TEST0055'
      20
    1000
     792        42
     754        27
     735        70
     654        88
     636        67
     584        84
     573        22
     546        51
     545        27
     518       166
     438        55
     419       126
     413       202
     405        51
     373       192
     366       182
     356       188
     343        96
     342       144
     315       120
'TEST0056'
      20
    1000
     791        54
     758        75
     734        78
     594        52
     584        36
     571        10
     521       154
     517       102
     507       149
     478       164
     408       174
     373        15
     364        28
     310       145
     298       171
     252        99
     250       129
     244       163
     237       158
     209        44
'TEST0057'
      18
    1000
     753       174
     728       202
     726        59
     703        82
     615        72
     608        69
     594       117
     551       117
     510       119
     498       150
     390        67
     355       102
     323        67
     314        77
     274       120
     240       174
     232       116
     206       116
'TEST0058'
      20
    1000
     800        90
     799       175
     786         2
     658       149
     612        74
     597        14
     572        33
     564       106
     556       148
     543        40
     519        58
     512       151
     493       116
     460       195
     445       212
     419       177
     413        54
     406        32
     349       114
     245        60
'TEST0059'
      19
    1000
     779        21
     726        77
     719        70
     662        19
     640       146
     618        84
     605       127
     598        30
     539       158
     496       198
     494       175
     492       159
     453        83
     452       139
     441        37
     367       182
     248        78
     234        81
     204       136
'TEST0060'
      20
    1000
     786       114
     712        42
     701         5
     698       158
     647       159
     572       131
     527       134
     520       125
     499        95
     488       124
     466        60
     462        98
     344       157
     342       117
     341       126
     333       141
     299        28
     276        52
     221        76
     200        58
'TEST0061'
      20
    1000
     742        97
     627       174
     608        94
     607        11
     567        37
     551       188
     526       133
     488        21
     469        46
     413       166
     388       165
     375        42
     374       156
     345       115
     335        87
     332       172
     331        64
     312        50
     227       173
     222         9
'TEST0062'
      20
    1000
     794        42
     781       173
     758       175
     741        20
     691       161
     671        85
     647       105
     600       126
     595         1
     495        25
     493        50
     454        18
     408       158
     392       148
     361        69
     339       187
     323       181
     304        48
     279       112
     224       116
'TEST0063'
      20
    1000
     770       111
     746        65
     729       113
     645       179
     625       143
     621       136
     589       137
     562        88
     557        98
     527       201
     523        15
     517       195
     491       136
     457       142
     450         1
     418        15
     407         2
     316        30
     269       162
     214        31
'TEST0064'
      20
    1000
     743       164
     729        41
     728       121
     700       103
     628        26
     597       116
     590        14
     586       119
     582         6
     566        71
     534       161
     525       128
     514       140
     441       166
     435       159
     318       171
     307       177
     280        19
     265        80
     209        18
'TEST0065'
      19
    1000
     793       176
     767        63
     764        21
     763        16
     718       209
     704       134
     688       303
     671       119
     669       158
     651        72
     553       204
     490       139
     466        50
     390        11
     359         7
     319       186
     294         4
     272        15
     242       113
'TEST0066'
      19
    1000
     748       174
     729         2
     705       190
     684        23
     666       168
     656       148
     655       216
     623        99
     571        84
     555        38
     553       162
     537        93
     488       154
     477       110
     463        81
     386        47
     365       139
     234        59
     224        13
'TEST0067'
      20
    1000
     773       146
     772        65
     739       112
     694        25
     677       200
     633        59
     541       177
     536        23
     528       176
     517       107
     464        23
     459       128
     438       149
     422        22
     387       121
     357         2
     336       102
     335       131
     305        69
     284       163
'TEST0068'
      20
    1000
     790        40
     789       102
     787       102
     770        95
     760        93
     744       182
     707         2
     681       125
     564        59
     554       163
     536        40
     526       125
     521        67
     477       178
     432       153
     353        40
     348       114
     304       112
     241       183
     220        25
'TEST0069'
      20
    1000
     779       155
     738        56
     699       140
     690        16
     670        16
     660       173
     622       160
     604       167
     600         8
     586        26
     557       166
     546        25
     510       117
     467       140
     378       126
     372        26
     287        32
     285       165
     236       108
     205       178
'TEST0070'
      19
    1000
     743       117
     721       100
     718       115
     705        86
     698        47
     651        69
     637       174
     606       123
     592       121
     581       143
     571       165
     471        67
     470        22
     432        45
     382       177
     369        30
     305        49
     291       165
     242       185
'TEST0071'
      20
    1000
     791       157
     771        59
     765       148
     740       188
     709        98
     678        42
     666        40
     595        82
     561       182
     515        65
     454         6
     412       103
     404        80
     349        42
     336        85
     333       128
     332       161
     261        80
     243        93
     235       161
'TEST0072'
      20
    1000
     795       135
     794       146
     774       137
     692       124
     659       123
     603       166
     577        59
     576       185
     559       134
     508        64
     492        40
     452        71
     396       139
     387       128
     359        21
     294        25
     260        24
     238        57
     225       174
     209        48
'TEST0073'
      20
    1000
     773       182
     768        11
     752        95
     742       135
     703         5
     690        54
     623       187
     618        45
     594        94
     570        96
     567       175
     534       175
     487        21
     458       187
     429        97
     338        20
     314       125
     287        65
     240       193
     236        38
'TEST0074'
      20
    1000
     798       189
     739       153
     658         9
     643       183
     617        23
     599        65
     573        84
     564        23
     531       113
     520        88
     500       103
     499       177
     478        75
     448       196
     415        17
     391        16
     283        44
     265       169
     259       106
     230       167
'TEST0075'
      20
    1000
     758       106
     755       149
     744       128
     728       126
     710       140
     670        45
     662        60
     660        88
     612        77
     602       126
     599        31
     564       178
     528        38
     490        83
     451       105
     446       113
     417        91
     414       148
     289        66
     254       102
'TEST0076'
      19
    1000
     796        69
     774        90
     714        92
     656       169
     647       163
     637        12
     538        64
     522        63
     517       180
     462        15
     421       123
     419       151
     392        63
     366        27
     285       171
     276        84
     218       151
     215       159
     214       154
'TEST0077'
      19
    1000
     668       117
     666        23
     640       167
     631       141
     620       115
     595        51
     589         5
     588       160
     578        40
     564       123
     542       384
     516       139
     468       135
     461        20
     412        86
     368        62
     324        69
     305       128
     206        35
'TEST0078'
      20
    1000
     771        87
     740       236
     737         6
     729       235
     713        86
     691       187
     669        13
     651       112
     582        49
     573        37
     533        33
     499        77
     481       120
     477       225
     447       115
     427       128
     346       103
     311        46
     293        28
     228        77
'TEST0079'
      20
    1000
     791       150
     789        75
     772       192
     754       164
     700        63
     626        53
     601        79
     549        22
     520       183
     507        35
     469       191
     460       132
     371       169
     345        47
     333        42
     309        74
     290       118
     247        79
     217       106
     203        26
'TEST0080'
      17
    1000
     799       165
     798       168
     779       131
     764        25
     690        95
     630       147
     604       170
     552        21
     529        98
     493        77
     426       133
     418       116
     403       268
     394        89
     358        46
     298        84
     250       167
'TEST0081'
      20
    1000
     712        17
     676        33
     633       134
     613       133
     600        38
     563       176
     560       174
     554       125
     510        55
     478        88
     439       129
     430       117
     417       121
     362       173
     360       118
     345       102
     254       119
     219        50
     216        63
     200        35
'TEST0082'
      20
    1000
     704        12
     666        51
     656        37
     612        99
     610       118
     584       219
     579       111
     573        52
     568        15
     518         3
     485       137
     471       135
     400        45
     391       183
     341       203
     317        48
     311        74
     291       202
     251       144
     222       112
'TEST0083'
      20
    1000
     790       144
     778        39
     749       211
     738       120
     727        74
     709        72
     702        46
     596       132
     537        60
     532        82
     437        16
     395        74
     355       141
     333       202
     299       109
     298        73
     264       150
     249        14
     246       106
     241       135
'TEST0084'
      20
    1000
     741       153
     708       152
     707         2
     667       109
     620       108
     583        83
     579        24
     577       160
     562       134
     543       145
     505        79
     439        32
     396       157
     382       129
     356       109
     332        16
     273       109
     247       135
     214        78
     212        86
'TEST0085'
      20
    1000
     776        16
     722        12
     666       160
     663        85
     547        63
     518        91
     481       123
     479       145
     468        67
     444       158
     428        57
     425       121
     385        53
     374        32
     346       164
     312        38
     284       153
     219       163
     216       135
     206       164
'TEST0086'
      20
    1000
     735        79
     708         3
     673       189
     669        29
     662        76
     638         9
     610       211
     605       111
     547       134
     488        67
     459        48
     431       198
     420        81
     398       213
     387       107
     379        56
     367       179
     334        47
     272        58
     238       105
'TEST0087'
      20
    1000
     786        82
     781        21
     777        62
     683       167
     677        51
     673       161
     662       169
     622       116
     605        81
     604       119
     459        30
     440       107
     399       105
     367       173
     326         9
     312        67
     307       125
     288       160
     276        51
     200       144
'TEST0088'
      20
    1000
     760        37
     697        22
     690       129
     669       117
     652        35
     649       114
     625       141
     615       111
     589        14
     585        44
     567       174
     553        44
     512       124
     492        70
     469       152
     459        93
     373       157
     326        96
     303       165
     230       161
'TEST0089'
      20
    1000
     743       171
     720        69
     702        27
     675        88
     671        97
     640       182
     560       111
     550       127
     513       133
     498        92
     494       165
     484        19
     436       180
     396        34
     379        31
     374       184
     373        54
     370        25
     366       134
     263        77
'TEST0090'
      20
    1000
     769       183
     751       132
     735        67
     733        86
     720       101
     684       146
     668       171
     630       160
     612        34
     585       123
     576        18
     548        17
     538        93
     491        41
     346       156
     303        23
     255       123
     250        34
     236       152
     220       140
'TEST0091'
      19
    1000
     736         2
     708        37
     704        71
     680       119
     646        54
     642        38
     620        27
     601       160
     500       142
     475       138
     457       113
     429        57
     427       156
     382       152
     378       335
     297       212
     292        18
     285        77
     233        92
'TEST0092'
      20
    1000
     782        92
     718        45
     668        19
     641        87
     580       104
     566        57
     495       116
     449        57
     439        67
     433       187
     395        89
     369       169
     328        39
     307       180
     278        81
     270       119
     257       206
     239        51
     214       158
     200        77
'TEST0093'
      20
    1000
     790       141
     744       123
     721       172
     685       139
     617       151
     607        91
     595        21
     583       171
     579        63
     520       161
     405       102
     388        26
     320       148
     312        30
     283       121
     282        90
     266        75
     251        17
     227        54
     221       104
'TEST0094'
      20
    1000
     798        56
     789        24
     761        82
     747       208
     732        60
     724       149
     715        46
     695       152
     639       122
     583        58
     557       127
     438         8
     407       179
     390        68
     386       189
     370        44
     349       157
     302        57
     231        28
     227       186
'TEST0095'
      19
    1000
     794       166
     788        67
     771       153
     728        41
     718       104
     679       129
     665       129
     650        10
     580        63
     577        75
     557       283
     539        48
     506       173
     330       179
     316       144
     309        19
     298        14
     258       167
     212        36
'TEST0096'
      20
    1000
     745        31
     728       186
     677       182
     669        40
     649        52
     642       276
     629       107
     622         9
     614       142
     589         3
     553         1
     550       112
     509       177
     497       170
     487        39
     436       204
     373        21
     279        46
     238       115
     237        87
'TEST0097'
      18
    1000
     799        15
     748        12
     696        23
     681        97
     576        46
     543       175
     493       140
     467       166
     455        97
     413        89
     401        64
     398       141
     395       321
     361        31
     336       122
     311       202
     254       173
     253        86
'TEST0098'
      20
    1000
     788       129
     770        63
     731        76
     722       162
     715       121
     712       103
     706        76
     684       145
     668        13
     620       111
     618        87
     599       155
     485        14
     475       155
     465       131
     439       158
     333       128
     260        43
     236        56
     217        74
'TEST0099'
      20
    1000
     800        22
     787       157
     779        73
     742       117
     730       113
     683        25
     530       133
     508       129
     435        93
     410        56
     405        50
     395        94
     380        60
     369       169
     342        73
     272       152
     265       154
     259       113
     247       122
     235        95
'TEST0100'
      19
    1000
     784       124
     783       174
     763         7
     744        39
     731       100
     712        24
     711        26
     705        72
     682        88
     661       113
     644       147
     633       102
     611       198
     513       210
     509       128
     474       212
     411        42
     376         5
     302       189
