'TEST0001'
      10
    1000
     648        13
     625        13
     545        17
     529        17
     488        11
     443         4
     418         5
     277         6
     236        10
      22         4
'TEST0002'
      10
    1000
     733         4
     560        18
     407         7
     379        14
     346        16
     341        11
     308        10
     239         6
     213         3
     147        11
'TEST0003'
      10
    1000
     789         9
     750        13
     629         3
     481         4
     389         8
     172         1
     171         3
     161        21
     111        22
      93        16
'TEST0004'
      10
    1000
     792         8
     738        20
     704        10
     675         3
     557         6
     394         2
     298         6
     129        18
      54         9
      24        18
'TEST0005'
      10
    1000
     784        15
     736        12
     653        14
     626         7
     538        10
     516        13
     382        10
     254        14
     235         1
      35         4
'TEST0006'
      10
    1000
     798        24
     776         2
     729        21
     705         3
     564        24
     558         1
     473        14
     419         6
     313         3
      31         2
'TEST0007'
      10
    1000
     786        15
     568         5
     477        18
     428        14
     353         7
     312         3
     310        11
     147         4
     142        20
      89         3
'TEST0008'
      10
    1000
     765         6
     633         9
     595         6
     571         7
     545        12
     337        16
     332        14
      87        13
      77        11
      73         6
'TEST0009'
      10
    1000
     751         9
     468        15
     354        12
     241         7
     238        11
     232         8
     165         9
     160         6
     139         9
      13        14
'TEST0010'
      10
    1000
     762        17
     711        22
     610         5
     603         5
     448         4
     318        18
     312         1
     172        17
      94         1
      38        10
'TEST0011'
      10
    1000
     719        16
     664        14
     629         7
     505         2
     463         5
     351        16
     301        10
     205        13
     168        16
      91         1
'TEST0012'
      10
    1000
     798         9
     763        11
     731        10
     694         9
     662        16
     617        13
     600        12
     456         6
     288         9
      14         5
'TEST0013'
      10
    1000
     652         4
     618        16
     578         1
     373         6
     237         9
     214        20
     198        19
     163         1
     109         6
      12        18
'TEST0014'
      10
    1000
     788        16
     652        11
     512        10
     474        21
     429         5
     360        10
     346         2
     343         1
     299        10
     258        14
'TEST0015'
      10
    1000
     720        10
     619         7
     563        13
     519        11
     462        11
     456         9
     432         7
     402         9
     337        12
      82        11
'TEST0016'
      10
    1000
     677        13
     526         2
     518        11
     439        10
     381         8
     297        17
     253         5
     143         9
      56        17
      29         8
'TEST0017'
      10
    1000
     741         3
     684         6
     571        17
     525         1
     495        24
     452         9
     271        23
     103         1
      97         7
      56         9
'TEST0018'
      10
    1000
     678         4
     672        18
     634         6
     552        15
     508         2
     435        21
     339         4
     176        14
     160         4
      93        12
'TEST0019'
      10
    1000
     798        16
     789        14
     711         5
     651         1
     622        10
     505        12
     407         7
     289        12
     158         6
      89        17
'TEST0020'
       9
    1000
     391         6
     332        19
     290         5
     284        14
     271         1
     170        19
     155        24
     154         3
     102         9
'TEST0021'
      10
    1000
     776        14
     770        21
     718        17
     475         2
     387         1
     313         5
     187        18
     130        13
      81         4
      78         5
'TEST0022'
      10
    1000
     723         5
     687         7
     596        12
     580        17
     469        11
     296         6
     247         5
     143        11
      89        17
      77         9
'TEST0023'
      10
    1000
     770        14
     713         3
     699        10
     475         8
     457        17
     428         4
     392        16
     343        12
     259        13
     230         3
'TEST0024'
      10
    1000
     794        14
     695        14
     567         3
     540        19
     531         3
     440         5
     360        11
     358        15
     182         8
      20         8
'TEST0025'
      10
    1000
     684        17
     650         1
     495        14
     431         4
     424        19
     371        10
     214        14
     187         1
     134        15
      83         5
'TEST0026'
      10
    1000
     794         3
     785        15
     689        11
     598         9
     565        14
     450        19
     422        13
     210        10
      93         4
      21         2
'TEST0027'
      10
    1000
     740         7
     544        12
     496        13
     403        13
     263        15
     213         6
     195         4
     155        16
     119         9
      79         5
'TEST0028'
      10
    1000
     755         3
     732         6
     652        12
     594        14
     434         9
     398        16
     253        12
     197         6
      91        15
      82         7
'TEST0029'
       9
    1000
     742         1
     638        15
     574        13
     542         6
     506        22
     384         6
     254        16
     188        13
      91         8
'TEST0030'
      10
    1000
     750         4
     667        16
     517         3
     428         5
     336        13
     318        12
     299        10
     234        16
     226         7
     144        14
'TEST0031'
      10
    1000
     720         4
     583        13
     571         6
     570        19
     478        17
     427         9
     398         2
     367        16
     333        11
      83         3
'TEST0032'
      10
    1000
     678        11
     665        12
     505        10
     495        11
     327        11
     303         1
     232        14
     174        12
     152         5
      79        13
'TEST0033'
      10
    1000
     738        13
     665        15
     658        15
     387         3
     326         6
     279         8
     198         7
     177        11
     175        10
     149        12
'TEST0034'
      10
    1000
     766        15
     743        20
     655        20
     587        11
     575        13
     538        11
     466         2
     375         2
     154         2
      11         4
'TEST0035'
      10
    1000
     766        13
     724        17
     656         7
     536         5
     450        17
     424        13
     368        18
     270         2
     254         5
      73         3
'TEST0036'
      10
    1000
     784        13
     740        14
     651         5
     591        13
     433        12
     426        10
     278         9
     231         5
     202        11
     107         8
'TEST0037'
      10
    1000
     715         4
     650        12
     625         8
     553        10
     514        10
     508        15
     359        17
     348         7
     290        10
     182         7
'TEST0038'
      10
    1000
     787        17
     716         7
     533         2
     520        11
     410         5
     348         4
     275        17
     252         5
     134        13
     104        19
'TEST0039'
      10
    1000
     791        13
     708        14
     667        10
     605        11
     560         4
     430        13
     297         1
     283        11
     114         9
      77        14
'TEST0040'
      10
    1000
     747        13
     581        15
     549        15
     490        15
     353         8
     321         1
     169         8
      94         9
      88         7
      27         9
'TEST0041'
      10
    1000
     737        12
     620         5
     589        17
     576         6
     244         3
     170        21
     157        17
      92        11
      68         1
      16         7
'TEST0042'
       9
    1000
     774         3
     680         2
     678        14
     486        16
     276        13
     230         1
     180        11
     142        17
      82        23
'TEST0043'
      10
    1000
     741        17
     726        11
     611         5
     602        14
     598         3
     492        10
     474         5
     338        15
     255        14
     154         6
'TEST0044'
      10
    1000
     726        17
     438        17
     416         3
     360         8
     318         4
     308        16
     138        16
     103        15
      81         3
      67         1
'TEST0045'
      10
    1000
     757         1
     665         8
     549         5
     535        20
     374         8
     304         3
     301        28
     278         8
     118        14
      60         5
'TEST0046'
      10
    1000
     742         3
     710         3
     572        14
     535        22
     490        19
     487        16
     413         6
     342         7
     248         1
      22         9
'TEST0047'
       9
    1000
     794        22
     761         2
     651        24
     466         1
     376        10
     304         5
     281        11
     149        19
      91         6
'TEST0048'
      10
    1000
     775        23
     726         9
     551        24
     496         6
     460         4
     269        18
     250         1
     248         7
      57         4
      56         4
'TEST0049'
      10
    1000
     607        15
     578         1
     503        22
     430         6
     339         9
     215         3
     196         9
     160        19
     146        12
      75         4
'TEST0050'
      10
    1000
     770         9
     735        13
     639         5
     620        15
     544         4
     439        12
     347         5
     254         4
     137        14
      78        19
'TEST0051'
      10
    1000
     783         8
     752         6
     694        18
     599         8
     378        17
     256        12
     175         2
     164         2
     151        18
     113         9
'TEST0052'
      10
    1000
     707        11
     545        14
     452         1
     381         2
     365        16
     327        14
     283        15
     254        13
     204         9
      37         5
'TEST0053'
      10
    1000
     646         9
     450         2
     445         4
     325        11
     208        22
     116         6
      87        11
      68         8
      54        20
      42         7
'TEST0054'
      10
    1000
     674        16
     639         3
     603        20
     560         7
     559        17
     298         5
     256         8
     251         8
      79         7
      76         9
'TEST0055'
      10
    1000
     783        11
     666         5
     618         1
     587        17
     515         3
     398        18
     368         6
     299        16
     198        21
      83         2
'TEST0056'
      10
    1000
     744        12
     723         4
     692        11
     675        13
     599        14
     591         4
     452        16
     388         1
     178         8
      42        17
'TEST0057'
      10
    1000
     799         6
     778        13
     645         6
     443        15
     439        13
     408        13
     392         3
     347        10
     195        11
     172        10
'TEST0058'
      10
    1000
     649        14
     568         3
     480         8
     451        11
     438        19
     430        12
     376         5
     270         1
     207        20
     189         7
'TEST0059'
      10
    1000
     587        18
     581        22
     509         4
     494         6
     417        13
     326        14
     277         3
     183        10
     119         8
     111         2
'TEST0060'
      10
    1000
     756        17
     632        16
     569         3
     442         7
     385         4
     340        13
     251         8
     131        14
      74        15
      68         3
'TEST0061'
      10
    1000
     649        17
     637        12
     592        11
     494         2
     428         1
     414         3
     390        18
     378         1
     113        14
      36        21
'TEST0062'
       9
    1000
     754        17
     735         5
     693        11
     633         5
     598        30
     336        12
     135        15
     118         3
      67         2
'TEST0063'
       9
    1000
     757        13
     705         1
     640         1
     529        11
     488        15
     420        16
     248        14
     237        12
      77        17
'TEST0064'
      10
    1000
     601        23
     579         3
     563         5
     554         5
     503        28
     495         6
     491         8
     447         5
     277        13
      93         4
'TEST0065'
      10
    1000
     643        13
     405         2
     354         8
     345        11
     265        17
     209        16
     180        18
     118         9
      79         1
      42         5
'TEST0066'
      10
    1000
     747        17
     714         3
     638        14
     564         8
     409         7
     382        14
     195        15
     149         7
      65        15
      23         1
'TEST0067'
      10
    1000
     734         3
     638        18
     376        16
     354         8
     347         7
     319         5
     309         6
     273         3
     189        20
      96        14
'TEST0068'
      10
    1000
     651        14
     463        18
     440         4
     259        15
     222        15
     191         3
     143         9
     129         7
      97        14
      80         1
'TEST0069'
      10
    1000
     760         5
     660         3
     588        19
     557        14
     471         9
     463        17
     428         5
     413        16
     244         3
     182         9
'TEST0070'
      10
    1000
     699        12
     660        11
     567        10
     463        15
     440        11
     362        19
     314         2
     306         7
     302         6
     254         7
'TEST0071'
      10
    1000
     672         9
     618         7
     595        14
     557        11
     433         1
     186        16
      82        16
      74         6
      64         9
      60        11
'TEST0072'
      10
    1000
     735        13
     697        11
     689        13
     688         4
     583         6
     582         8
     448        18
     435        12
     195        13
     115         2
'TEST0073'
      10
    1000
     722        18
     721        10
     718         2
     670         3
     467        18
     417        11
     414        12
     314        10
     182        13
      30         3
'TEST0074'
      10
    1000
     777         1
     708         5
     682        10
     508         2
     461        10
     455        18
     426         8
     330        11
     295        24
     226        11
'TEST0075'
      10
    1000
     792         9
     764        10
     698         3
     663        14
     658        15
     574        10
     534         3
     501         9
     459        11
     436        16
'TEST0076'
      10
    1000
     724         5
     711        24
     610        20
     545         7
     426         1
     312        23
     300         1
     120         7
     119         5
      16         7
'TEST0077'
      10
    1000
     676        20
     658        11
     449         7
     420        14
     360         9
     245        13
     156        11
     125         4
     116         7
      61         4
'TEST0078'
      10
    1000
     798         4
     732        11
     702        14
     671         1
     666        13
     516        10
     477        16
     469         6
     402        13
     104        12
'TEST0079'
      10
    1000
     759        13
     669        14
     559         9
     550         8
     472        13
     411        11
     298         9
     290         2
     240        14
      93         7
'TEST0080'
      10
    1000
     676         4
     664        11
     532        11
     508         8
     452        13
     447         6
     442         2
     290         9
     252        16
      39        20
'TEST0081'
      10
    1000
     696        17
     692         8
     691        27
     584         6
     462         4
     358         2
     261         3
     200         6
     184        12
     126        15
'TEST0082'
      10
    1000
     790         8
     678         9
     652        15
     593         3
     470         6
     300         3
     283        16
     280        20
      81        16
      56         4
'TEST0083'
      10
    1000
     512        11
     370         9
     331        10
     326         6
     247        14
     163         7
     154        12
     153        12
     104         7
      79        12
'TEST0084'
      10
    1000
     790        11
     665        18
     590        20
     503         4
     452        10
     359        10
     240         4
     224         6
     183         2
     100        15
'TEST0085'
      10
    1000
     762         8
     757         8
     668        11
     627        14
     536         9
     522        11
     445         1
     163        12
     115        16
     105        10
'TEST0086'
       9
    1000
     797        11
     695        17
     661         8
     655         6
     457         8
     311         9
     303        11
     122        14
     110        16
'TEST0087'
      10
    1000
     706        11
     699         8
     684        18
     638        12
     624        11
     550         3
     518         6
     448         7
     225        18
      11         6
'TEST0088'
      10
    1000
     769        10
     749        14
     728        15
     595        12
     510         6
     243         7
     185        11
      89        15
      74         1
      23         9
'TEST0089'
      10
    1000
     786         8
     662        15
     623        17
     594         5
     532         4
     435        19
     320         1
     255        12
     196         8
      39        11
'TEST0090'
      10
    1000
     727         4
     711        10
     656         7
     638        14
     431         1
     366        14
     326         3
     297         1
     232         5
     230        41
'TEST0091'
      10
    1000
     783        19
     718        11
     676        10
     643        12
     376         4
     272        16
      92         6
      40        14
      34         8
      29         1
'TEST0092'
      10
    1000
     596         5
     532        12
     482        15
     417         5
     298        16
     295        16
     210         6
     170        11
     132         1
     106        13
'TEST0093'
      10
    1000
     763         3
     612         6
     607         8
     590         2
     554         2
     259        10
     234        23
     226        20
     156        10
      46        16
'TEST0094'
      10
    1000
     794         4
     749        22
     703         4
     653        15
     580        20
     569         5
     491         1
     464        21
     420         5
     334         3
'TEST0095'
      10
    1000
     782         4
     750        15
     686        21
     610        15
     571        18
     466         6
     309         5
     245        10
      88         3
      35         3
'TEST0096'
      10
    1000
     786        11
     774         9
     644         5
     632        10
     571        14
     548         5
     430         2
     386        16
     150        15
      20        13
'TEST0097'
      10
    1000
     745         2
     714        16
     578        15
     549        16
     544         8
     517         9
     469        14
     314        16
     164         5
     103         1
'TEST0098'
      10
    1000
     745        13
     701         8
     694        13
     673         8
     397         7
     384        10
     333         3
     199        16
      80        10
      73        12
'TEST0099'
      10
    1000
     683         3
     667         2
     537        19
     504        13
     460         8
     256        10
     201        10
     192         2
     127        12
      62        21
'TEST0100'
       9
    1000
     780        33
     704        11
     674         5
     650         3
     552         5
     425         4
     339         1
     171        20
      90        18
