'TEST0001'
      10
    1000
     164       126
     158       129
     139       170
     135       168
     125       108
     114        40
     108        49
      74        63
      64        95
      12        52
'TEST0002'
      10
    1000
     184        39
     142       179
     106        72
      99       140
      91       162
      90       108
      82       105
      65        61
      59        28
      43       106
'TEST0003'
       9
    1000
     198        88
     188       135
     159        28
     123        37
     101        84
      49        29
      46       209
      34       217
      30       173
'TEST0004'
      10
    1000
     198        84
     185       200
     177       102
     170        31
     142        65
     102        21
      79        64
      38       177
      20        94
      13       162
'TEST0005'
      10
    1000
     196       147
     185       120
     165       137
     158        69
     137       101
     132       132
     100       102
      69       144
      64         3
      16        45
'TEST0006'
      10
    1000
     200       245
     195        24
     183       208
     178        32
     143       235
     142         7
     121       143
     108        56
      83        33
      15        17
'TEST0007'
       9
    1000
     197       154
     144        48
     122       180
     110       142
      93        74
      82       142
      43        42
      41       199
      29        19
'TEST0008'
      10
    1000
     192        58
     160        88
     151        64
     145        66
     139       122
      89       159
      87       138
      28       125
      26       112
      25        68
'TEST0009'
       9
    1000
     188        91
     120       152
      93       123
      65       173
      63        75
      47        92
      46        63
      41        94
      10       137
'TEST0010'
      10
    1000
     191       173
     179       218
     154        46
     153        54
     115        38
      84       178
      83         7
      49       169
      30         6
      16       111
'TEST0011'
      10
    1000
     181       156
     168       140
     159        70
     129        19
     119        50
      92       159
      80       102
      57       134
      48       158
      29        12
'TEST0012'
      10
    1000
     200        92
     191       113
     184       102
     175        90
     167       161
     156       128
     152       125
     117        60
      77        92
      11        37
'TEST0013'
      10
    1000
     165        39
     156       159
     147        13
      97        65
      64        93
      59       199
      55       189
      46         9
      33        62
      10       172
'TEST0014'
      10
    1000
     198       158
     165       105
     131        96
     122       212
     111        48
      94        95
      91        18
      90         7
      79       100
      69       161
'TEST0015'
      10
    1000
     181       103
     157        72
     143       131
     133       110
     119       111
     117        92
     111        70
     104        87
      89       116
      27       108
'TEST0016'
      10
    1000
     171       129
     134        20
     132       114
     113       103
      99        81
      79       173
      68        53
      42        92
      21       168
      14        67
'TEST0017'
      10
    1000
     186        34
     172        59
     145       173
     134        13
     127       239
     116        86
      73       232
      32        15
      31        68
      21        81
'TEST0018'
      10
    1000
     171        45
     169       177
     160        61
     140       154
     130        21
     112       211
      89        42
      50       136
      46        40
      30       113
'TEST0019'
      10
    1000
     200       161
     198       140
     179        55
     164         6
     157        97
     129       120
     105        74
      77       119
      45        63
      29       165
'TEST0020'
       9
    1000
     102        63
      87       195
      77        52
      76       143
      73        15
      48       187
      45       239
      44        28
      32        78
'TEST0021'
      10
    1000
     195       137
     193       208
     181       170
     122        23
     101        10
      83        48
      52       181
      39       126
      27        40
      26        57
'TEST0022'
      10
    1000
     182        50
     173        74
     151       124
     147       173
     120       109
      79        63
      67        51
      42       110
      29       171
      26        75
'TEST0023'
      10
    1000
     193       140
     179        27
     176        99
     122        81
     118       172
     111        42
     102       160
      90       115
      70       133
      63        31
'TEST0024'
       9
    1000
     199       143
     175       143
     144        26
     138       190
     135        26
     113        48
      94       261
      51        79
      12        84
'TEST0025'
      10
    1000
     172       170
     164         1
     127       144
     111        45
     110       186
      97        96
      59       141
      52         1
      40       154
      27        62
'TEST0026'
      10
    1000
     199        34
     197       150
     174       111
     152        89
     144       137
     116       190
     109       129
      58       100
      30        45
      12        15
'TEST0027'
      10
    1000
     186        75
     139       121
     127       134
     104       135
      71       152
      59        64
      54        41
      45       158
      36        86
      26        34
'TEST0028'
      10
    1000
     189        28
     184        60
     165       123
     151       137
     112        90
     103       156
      68       121
      55        65
      29       153
      27        67
'TEST0029'
       9
    1000
     186         7
     161       150
     146       130
     138        60
     129       226
     100        59
      68       163
      53       129
      29        76
'TEST0030'
      10
    1000
     188        41
     168       164
     132        33
     110        47
      88       131
      84       123
      80        97
      64       163
      62        65
      42       136
'TEST0031'
       9
    1000
     181        36
     148       133
     145       249
     123       170
     110        90
     103        17
      96       159
      88       112
      27        34
'TEST0032'
      10
    1000
     171       113
     168       124
     129        97
     127       110
      86       107
      80         3
      63       142
      49       122
      44        50
      26       132
'TEST0033'
       9
    1000
     185       125
     168       152
     166       153
     101        28
      86        64
      75        84
      55        74
      50       216
      43       104
'TEST0034'
      10
    1000
     192       147
     187       204
     165       197
     149       107
     146       129
     137       108
     120        22
      98        24
      44        23
      10        39
'TEST0035'
      10
    1000
     192       132
     182       167
     166        72
     137        53
     116       165
     110       128
      96       177
      73        18
      69        54
      25        34
'TEST0036'
      10
    1000
     196       132
     186       142
     164        51
     150       130
     112       116
     110       102
      74        91
      63        50
      56       107
      33        79
'TEST0037'
      10
    1000
     180        37
     164       121
     158        84
     141       100
     131        99
     130       151
      94       167
      91        75
      77        97
      51        69
'TEST0038'
      10
    1000
     197       169
     180        72
     136        15
     133       106
     106        52
      91        41
      74       168
      68        45
      40       127
      32       205
'TEST0039'
      10
    1000
     198       132
     178       139
     168        99
     153       112
     143        39
     111       127
      79         5
      76       110
      35        88
      26       149
'TEST0040'
      10
    1000
     188       130
     147       149
     140       152
     125       149
      92        75
      85         5
      48        76
      30        91
      29        72
      14       101
'TEST0041'
      10
    1000
     185       120
     157        53
     150       171
     146        61
      66        30
      48       206
      45       171
      29       113
      24        10
      11        65
'TEST0042'
       8
    1000
     194        27
     171       168
     125       159
      74       132
      63         5
      51       110
      41       167
      27       232
'TEST0043'
       9
    1000
     186       167
     183       112
     155        49
     152       173
     126       104
     122        48
      89       151
      69       138
      44        58
'TEST0044'
      10
    1000
     183       165
     113       169
     108        32
      94        76
      84        36
      81       158
      40       156
      32       146
      27        27
      23        35
'TEST0045'
      10
    1000
     190         1
     168        76
     140        47
     136       203
      98        84
      81        33
      80       277
      74        82
      36       138
      22        59
'TEST0046'
      10
    1000
     186        32
     179        30
     145       141
     136       219
     126       192
     125       155
     107        58
      90        67
      67         8
      13        98
'TEST0047'
       9
    1000
     199       220
     191        22
     164       237
     120         8
      98        95
      81        53
      75       114
      43       187
      29        64
'TEST0048'
       9
    1000
     194       232
     183        91
     140       239
     127        64
     118        37
      72       177
      68         8
      67        75
      21        77
'TEST0049'
      10
    1000
     154       151
     147         2
     129       216
     111        64
      89        88
      59        33
      54        88
      46       192
      42       121
      25        45
'TEST0050'
      10
    1000
     193        92
     185       130
     162        53
     157       153
     138        37
     113       124
      91        54
      69        36
      40       144
      26       177
'TEST0051'
      10
    1000
     196        78
     189        64
     175       183
     152        82
      98       166
      69       125
      49        19
      47        18
      44       176
      34        89
'TEST0052'
      10
    1000
     178       108
     139       143
     116         9
      99        19
      95       162
      86       138
      75       148
      69       131
      56        92
      16        50
'TEST0053'
      10
    1000
     163        91
     116        23
     115        37
      86       114
      57       215
      35        56
      28       107
      24        77
      20       199
      17        81
'TEST0054'
       9
    1000
     170       160
     161        30
     153       201
     143        65
     142       172
      79        47
      69        77
      68        83
      26       165
'TEST0055'
      10
    1000
     196       107
     168        51
     156        13
     149       169
     132        25
     103       176
      96        62
      79       161
      55       215
      27        21
'TEST0056'
      10
    1000
     187       120
     182        36
     174       112
     170       130
     152       145
     150        43
     116       162
     101        11
      50        76
      17       165
'TEST0057'
      10
    1000
     200        62
     195       131
     163        61
     114       151
     113       130
     106       132
     102        34
      91        97
      54       111
      49        91
'TEST0058'
      10
    1000
     164       142
     144        27
     123        79
     116       107
     113       191
     111       118
      98        51
      72         2
      57       200
      53        83
'TEST0059'
      10
    1000
     149       175
     147       221
     130        43
     126        57
     108       128
      86       142
      74        25
      51       105
      36        76
      34        28
'TEST0060'
      10
    1000
     190       169
     160       157
     145        33
     114        69
     100        42
      89       126
      68        78
      39       143
      25       152
      24        31
'TEST0061'
      10
    1000
     164       167
     161       120
     150       111
     126        21
     110         9
     107        33
     101       180
      99         1
      35       142
      16       216
'TEST0062'
       9
    1000
     189       169
     185        48
     175       106
     160        46
     152       298
      88       118
      40       145
      36        28
      23        42
'TEST0063'
       9
    1000
     190       128
     178         2
     162         2
     135       115
     125       148
     109       162
      67       142
      64       125
      26       176
'TEST0064'
      10
    1000
     152       226
     147        31
     143        53
     141        51
     129       285
     127        61
     126        77
     115        49
      74       130
      30        37
'TEST0065'
      10
    1000
     163       134
     105        16
      93        82
      90       112
      71       168
      58       161
      51       181
      36        95
      26        13
      17        38
'TEST0066'
      10
    1000
     188       173
     179        33
     161       135
     143        81
     106        67
      99       139
      54       149
      43        68
      23       151
      13         4
'TEST0067'
      10
    1000
     184        27
     161       180
      98       158
      93        76
      91        69
      84        47
      82        58
      73        33
      53       203
      31       149
'TEST0068'
      10
    1000
     164       137
     119       179
     114        37
      70       148
      61       153
      53        29
      42        91
      38        71
      31       137
      26        18
'TEST0069'
      10
    1000
     191        53
     167        28
     149       194
     142       140
     121        94
     119       170
     111        50
     107       165
      66        27
      51        79
'TEST0070'
      10
    1000
     176       122
     167       110
     144        98
     119       148
     113       107
      95       193
      83        18
      81        65
      80        61
      68        78
'TEST0071'
      10
    1000
     169        94
     156        74
     151       141
     142       105
     112        15
      52       160
      27       160
      25        58
      23        90
      22       103
'TEST0072'
       9
    1000
     185       131
     176       114
     174       133
     173        36
     148       143
     115       178
     112       121
      54       134
      35        10
'TEST0073'
       8
    1000
     181       302
     169        33
     120       179
     108       113
     107       119
      83        98
      51       127
      15        29
'TEST0074'
      10
    1000
     195         1
     178        52
     172       104
     130        19
     118        95
     117       175
     110        77
      87       110
      78       239
      62       128
'TEST0075'
      10
    1000
     198        94
     192       104
     176        25
     167       138
     166       154
     146       103
     136        29
     128        89
     118       114
     113       150
'TEST0076'
       9
    1000
     182        49
     179       241
     154       199
     139        75
     110         4
      83       231
      80         1
      36       120
      11        80
'TEST0077'
      10
    1000
     171       196
     166       106
     116        72
     109       138
      94        91
      66       130
      45       113
      37        37
      35        72
      22        45
'TEST0078'
      10
    1000
     200        42
     184       114
     177       144
     169         6
     168       129
     132        96
     122       164
     120        64
     104       134
      32       107
'TEST0079'
      10
    1000
     190       129
     169       145
     142        94
     140        85
     121       134
     106       109
      79        90
      77        24
      65       135
      30        55
'TEST0080'
      10
    1000
     171        45
     168       114
     136       107
     130        79
     116       131
     115        58
     114        16
      77        89
      68       161
      17       200
'TEST0081'
       9
    1000
     175       173
     174       344
     148        61
     119        39
      94        15
      70        30
      55        63
      52       123
      38       152
'TEST0082'
      10
    1000
     198        83
     171        90
     165       153
     150        30
     121        55
      80        27
      76       156
      75       199
      27       161
      21        46
'TEST0083'
       9
    1000
     131       106
      97        89
      87        97
      86        64
      67       135
      47        72
      44       244
      32        71
      26       122
'TEST0084'
      10
    1000
     198       113
     168       180
     150       204
     129        45
     116        96
      94        98
      65        35
      61        64
      51        17
      31       148
'TEST0085'
      10
    1000
     191        77
     190        76
     169       108
     158       140
     137        91
     133       108
     115         9
      46       115
      35       155
      33       121
'TEST0086'
       9
    1000
     200       105
     175       171
     167        79
     165        57
     118        83
      82        94
      80       108
      37       139
      34       164
'TEST0087'
      10
    1000
     178       112
     176        78
     172       178
     161       117
     158       109
     140        33
     132        64
     115        72
      62       185
      10        52
'TEST0088'
      10
    1000
     193        98
     188       145
     183       145
     151       121
     130        57
      66        69
      52       108
      29       154
      25         9
      13        94
'TEST0089'
      10
    1000
     197        84
     167       150
     158       170
     151        46
     136        36
     112       187
      85         1
      69       117
      55        78
      17       131
'TEST0090'
       9
    1000
     183        45
     179       104
     166        75
     161       137
     111         6
      95       138
      86        32
      79         9
      63       454
'TEST0091'
      10
    1000
     196       188
     181       108
     170        97
     162       117
      98        44
      73       161
      29        59
      17       143
      15        81
      14         2
'TEST0092'
      10
    1000
     151        54
     136       121
     123       154
     108        45
      79       165
      78       163
      58        61
      48       109
      39         1
      33       127
'TEST0093'
      10
    1000
     191        29
     155        59
     154        77
     150        22
     141        24
      70       103
      64       225
      62       195
      45       103
      18       163
'TEST0094'
      10
    1000
     199        36
     188       220
     177        40
     165       147
     147       201
     145        51
     126         4
     119       205
     109        53
      88        43
'TEST0095'
      10
    1000
     196        43
     188       147
     173       208
     155       152
     145       176
     120        62
      82        54
      66       103
      28        27
      16        28
'TEST0096'
      10
    1000
     197       109
     194        88
     163        50
     160       104
     145       137
     139        49
     111        15
     100       162
      43       151
      12       135
'TEST0097'
      10
    1000
     187        21
     180       156
     147       150
     140       161
     138        75
     132        87
     121       142
      83       155
      47        49
      32         4
'TEST0098'
      10
    1000
     187       128
     176        83
     175       128
     170        81
     103        72
     100        97
      88        28
      55       158
      26       102
      25       123
'TEST0099'
      10
    1000
     172        32
     168        22
     137       187
     129       127
     118        85
      69        96
      56       100
      54        25
      38       124
      22       202
'TEST0100'
      10
    1000
     196       145
     195       186
     177       111
     170        47
     164        30
     141        51
     110        42
      89         2
      49       203
      29       183
